0 0.791406 0.548611 0.054688 0.044444
0 0.833594 0.547917 0.040625 0.045833
0 0.895312 0.535417 0.037500 0.043056
0 0.951172 0.529861 0.036719 0.031944
0 0.209766 0.586111 0.042969 0.038889
0 0.245703 0.581250 0.022656 0.031944
3 0.104297 0.590972 0.058594 0.062500
0 0.146094 0.589583 0.034375 0.045833
0 0.170703 0.579861 0.022656 0.040278
3 0.746094 0.546528 0.051562 0.048611
2 0.052344 0.576389 0.017188 0.055556
0 0.074219 0.586806 0.015625 0.029167
0 0.391016 0.570139 0.025781 0.029167
0 0.415234 0.561111 0.028906 0.033333
0 0.480469 0.562500 0.026562 0.038889
0 0.505078 0.559722 0.025781 0.036111
0 0.527344 0.561111 0.028125 0.033333
0 0.597266 0.559028 0.033594 0.034722
0 0.643750 0.552083 0.032813 0.037500
0 0.672266 0.552083 0.032031 0.034722
3 0.710156 0.545833 0.029687 0.044444
