0 0.923438 0.663889 0.153125 0.194444
3 0.182422 0.593750 0.063281 0.081944
0 0.237109 0.592361 0.061719 0.065278
2 0.072266 0.578472 0.036719 0.068056
0 0.406250 0.617361 0.110937 0.098611
0 0.789453 0.545833 0.050781 0.047222
3 0.746094 0.546528 0.043750 0.051389
0 0.833984 0.545139 0.036719 0.045833
0 0.894531 0.537500 0.035937 0.036111
3 0.878906 0.529167 0.026562 0.044444
3 0.926172 0.523611 0.030469 0.036111
0 0.118359 0.588194 0.024219 0.031944
0 0.951562 0.529167 0.031250 0.033333
0 0.415234 0.561111 0.028906 0.033333
0 0.480469 0.562500 0.026562 0.038889
0 0.505078 0.559722 0.025781 0.036111
0 0.527344 0.561111 0.028125 0.033333
0 0.597266 0.559028 0.033594 0.034722
0 0.643750 0.552083 0.032813 0.037500
0 0.672266 0.552083 0.032031 0.034722
3 0.710156 0.545833 0.029687 0.044444
