3 0.251953 0.612500 0.100781 0.116667
0 0.307812 0.593056 0.065625 0.088889
2 0.081641 0.565972 0.046094 0.093056
0 0.596094 0.624306 0.157812 0.120833
0 0.789453 0.545833 0.050781 0.047222
3 0.746094 0.546528 0.043750 0.051389
0 0.833984 0.545139 0.036719 0.045833
0 0.894531 0.537500 0.035937 0.036111
3 0.878906 0.529167 0.026562 0.044444
3 0.926172 0.523611 0.030469 0.036111
0 0.128516 0.590972 0.022656 0.037500
0 0.951562 0.529167 0.031250 0.033333
0 0.176172 0.593750 0.035156 0.040278
0 0.391016 0.570139 0.025781 0.029167
0 0.415234 0.561111 0.028906 0.033333
0 0.480469 0.562500 0.026562 0.038889
0 0.505078 0.559722 0.025781 0.036111
0 0.527344 0.561111 0.028125 0.033333
0 0.597266 0.559028 0.033594 0.034722
0 0.643750 0.552083 0.032813 0.037500
0 0.672266 0.552083 0.032031 0.034722
3 0.710156 0.545833 0.029687 0.044444
