3 0.382031 0.631250 0.181250 0.159722
2 0.100391 0.576389 0.067969 0.113889
0 0.886328 0.625694 0.153906 0.129167
0 0.789453 0.545833 0.050781 0.047222
3 0.746094 0.546528 0.043750 0.051389
0 0.833984 0.545139 0.036719 0.045833
0 0.894531 0.537500 0.035937 0.036111
3 0.878906 0.529167 0.026562 0.044444
3 0.926172 0.523611 0.030469 0.036111
0 0.144922 0.585417 0.027344 0.040278
0 0.951562 0.529167 0.031250 0.033333
0 0.205469 0.593750 0.046875 0.045833
4 0.292969 0.556250 0.131250 0.095833
0 0.480469 0.562500 0.026562 0.038889
0 0.505078 0.559722 0.025781 0.036111
0 0.527344 0.561111 0.028125 0.033333
0 0.597266 0.559028 0.033594 0.034722
0 0.643750 0.552083 0.032813 0.037500
0 0.672266 0.552083 0.032031 0.034722
3 0.710156 0.545833 0.029687 0.044444
