3 0.493750 0.634028 0.242188 0.193056
2 0.119531 0.573611 0.082812 0.138889
0 0.789453 0.545833 0.050781 0.047222
3 0.746094 0.546528 0.043750 0.051389
0 0.833984 0.545139 0.036719 0.045833
0 0.894531 0.537500 0.035937 0.036111
3 0.878906 0.529167 0.026562 0.044444
3 0.926172 0.523611 0.030469 0.036111
0 0.951562 0.529167 0.031250 0.033333
0 0.230469 0.597917 0.059375 0.059722
4 0.322266 0.551389 0.150781 0.100000
0 0.415234 0.561111 0.028906 0.033333
0 0.597266 0.559028 0.033594 0.034722
0 0.643750 0.552083 0.032813 0.037500
0 0.672266 0.552083 0.032031 0.034722
3 0.710156 0.545833 0.029687 0.044444
