3 0.641406 0.643056 0.298438 0.225000
2 0.137109 0.576389 0.107031 0.172222
0 0.789453 0.545833 0.050781 0.047222
3 0.746094 0.546528 0.043750 0.051389
0 0.833984 0.545139 0.036719 0.045833
0 0.894531 0.537500 0.035937 0.036111
3 0.878906 0.529167 0.026562 0.044444
3 0.926172 0.523611 0.030469 0.036111
0 0.951562 0.529167 0.031250 0.033333
0 0.260156 0.600000 0.075000 0.072222
4 0.360938 0.547917 0.171875 0.109722
0 0.567187 0.586806 0.139063 0.098611
0 0.219141 0.580556 0.035156 0.047222
0 0.480469 0.562500 0.026562 0.038889
0 0.505078 0.559722 0.025781 0.036111
0 0.527344 0.561111 0.028125 0.033333
