3 0.815625 0.631944 0.298438 0.225000
2 0.167187 0.578472 0.140625 0.204167
0 0.789453 0.545833 0.050781 0.047222
0 0.833984 0.545139 0.036719 0.045833
3 0.926172 0.523611 0.030469 0.036111
0 0.951562 0.529167 0.031250 0.033333
0 0.294141 0.609722 0.083594 0.083333
4 0.402734 0.537500 0.192969 0.144444
0 0.714063 0.604167 0.190625 0.122222
0 0.239453 0.582639 0.039844 0.048611
3 0.089844 0.584028 0.021875 0.054167
0 0.505078 0.559722 0.025781 0.036111
0 0.527344 0.561111 0.028125 0.033333
0 0.597266 0.559028 0.033594 0.034722
0 0.643750 0.552083 0.032813 0.037500
