3 0.127734 0.581250 0.041406 0.068056
0 0.204297 0.592361 0.041406 0.048611
0 0.090625 0.590972 0.023438 0.034722
0 0.394141 0.615972 0.127344 0.112500
0 0.286719 0.583333 0.062500 0.050000
0 0.439453 0.572222 0.083594 0.061111
0 0.220703 0.580556 0.036719 0.038889
0 0.862891 0.618056 0.191406 0.136111
4 0.722266 0.529167 0.200781 0.130556
0 0.896094 0.537500 0.032813 0.036111
0 0.948438 0.529167 0.020313 0.038889
3 0.930078 0.525000 0.030469 0.041667
0 0.839063 0.545139 0.031250 0.037500
0 0.480469 0.562500 0.026562 0.038889
0 0.505078 0.559722 0.025781 0.036111
0 0.527344 0.561111 0.028125 0.033333
0 0.597266 0.559028 0.033594 0.034722
