3 0.139063 0.581944 0.045312 0.075000
0 0.224219 0.595833 0.048438 0.055556
0 0.095312 0.593056 0.021875 0.033333
0 0.488281 0.627083 0.160938 0.129167
0 0.320703 0.581944 0.072656 0.055556
0 0.239453 0.577778 0.050781 0.044444
0 0.956641 0.619444 0.086719 0.130556
4 0.775391 0.540278 0.200781 0.130556
0 0.896094 0.537500 0.032813 0.036111
0 0.948438 0.529167 0.020313 0.038889
3 0.930078 0.525000 0.030469 0.041667
0 0.978125 0.527778 0.025000 0.030556
0 0.391016 0.570139 0.025781 0.029167
0 0.415234 0.561111 0.028906 0.033333
0 0.527344 0.561111 0.028125 0.033333
0 0.597266 0.559028 0.033594 0.034722
0 0.643750 0.552083 0.032813 0.037500
