3 0.152344 0.583333 0.051562 0.080556
0 0.251172 0.597917 0.055469 0.056944
0 0.099219 0.595139 0.025000 0.037500
0 0.611719 0.632639 0.185938 0.143056
0 0.357422 0.581250 0.078906 0.059722
0 0.263672 0.573611 0.058594 0.044444
4 0.818750 0.542361 0.171875 0.098611
0 0.948438 0.529167 0.020313 0.038889
3 0.930078 0.525000 0.030469 0.041667
0 0.976172 0.529167 0.028906 0.033333
0 0.534766 0.568056 0.080469 0.066667
0 0.391016 0.570139 0.025781 0.029167
0 0.415234 0.561111 0.028906 0.033333
0 0.480469 0.562500 0.026562 0.038889
0 0.643750 0.552083 0.032813 0.037500
0 0.672266 0.552083 0.032031 0.034722
3 0.710156 0.545833 0.029687 0.044444
