3 0.168359 0.585417 0.061719 0.090278
0 0.284766 0.602778 0.067969 0.069444
0 0.107031 0.595139 0.025000 0.037500
0 0.750781 0.629167 0.196875 0.147222
0 0.400391 0.578472 0.088281 0.059722
0 0.295703 0.571528 0.067969 0.045833
4 0.856641 0.531944 0.153906 0.094444
0 0.948438 0.529167 0.020313 0.038889
0 0.976172 0.529167 0.028906 0.033333
0 0.599609 0.567361 0.097656 0.059722
3 0.127734 0.577778 0.019531 0.038889
0 0.084375 0.590278 0.018750 0.033333
0 0.480469 0.562500 0.026562 0.038889
0 0.505078 0.559722 0.025781 0.036111
0 0.527344 0.561111 0.028125 0.033333
0 0.643750 0.552083 0.032813 0.037500
0 0.672266 0.552083 0.032031 0.034722
3 0.710156 0.545833 0.029687 0.044444
