3 0.189062 0.589583 0.076563 0.101389
0 0.325781 0.604167 0.081250 0.072222
0 0.112500 0.596528 0.021875 0.040278
0 0.895703 0.622222 0.186719 0.144444
0 0.450781 0.577083 0.096875 0.065278
0 0.329688 0.576389 0.076563 0.052778
4 0.889453 0.529861 0.142969 0.093056
0 0.658203 0.563194 0.097656 0.059722
3 0.135156 0.577083 0.025000 0.037500
0 0.088281 0.590972 0.021875 0.034722
0 0.791797 0.545139 0.050781 0.043056
3 0.745313 0.546528 0.040625 0.043056
0 0.391016 0.570139 0.025781 0.029167
0 0.505078 0.559722 0.025781 0.036111
0 0.527344 0.561111 0.028125 0.033333
0 0.597266 0.559028 0.033594 0.034722
3 0.710156 0.545833 0.029687 0.044444
