3 0.212109 0.593750 0.088281 0.109722
0 0.380078 0.614583 0.097656 0.081944
0 0.118750 0.593056 0.029687 0.050000
0 0.976172 0.613194 0.047656 0.145833
0 0.505469 0.576389 0.101562 0.066667
0 0.369922 0.573611 0.083594 0.050000
4 0.924219 0.529861 0.125000 0.087500
0 0.715234 0.561111 0.092969 0.055556
3 0.144141 0.581250 0.027344 0.040278
0 0.092578 0.591667 0.019531 0.036111
0 0.791797 0.545139 0.050781 0.043056
3 0.745313 0.546528 0.040625 0.043056
0 0.833203 0.547222 0.039844 0.038889
0 0.415234 0.561111 0.028906 0.033333
0 0.597266 0.559028 0.033594 0.034722
0 0.643750 0.552083 0.032813 0.037500
