3 0.244922 0.590278 0.111719 0.136111
0 0.452344 0.617361 0.123438 0.098611
0 0.126953 0.594444 0.032031 0.050000
0 0.564063 0.569444 0.101562 0.066667
0 0.415625 0.574306 0.087500 0.054167
4 0.948828 0.530556 0.102344 0.088889
0 0.766797 0.555556 0.089844 0.052778
3 0.155469 0.579861 0.032813 0.043056
0 0.097656 0.592361 0.023438 0.037500
0 0.791797 0.545139 0.050781 0.043056
0 0.833203 0.547222 0.039844 0.038889
3 0.881641 0.528472 0.033594 0.037500
0 0.888281 0.536806 0.025000 0.037500
0 0.480469 0.562500 0.026562 0.038889
0 0.505078 0.559722 0.025781 0.036111
0 0.643750 0.552083 0.032813 0.037500
0 0.672266 0.552083 0.032031 0.034722
3 0.710156 0.545833 0.029687 0.044444
