3 0.290625 0.598611 0.134375 0.158333
0 0.551172 0.622222 0.141406 0.108333
0 0.136719 0.596528 0.039062 0.054167
0 0.623437 0.566667 0.101562 0.066667
0 0.467187 0.570139 0.095312 0.054167
4 0.961719 0.530556 0.076563 0.088889
0 0.814844 0.556250 0.082812 0.051389
3 0.164844 0.579861 0.032813 0.043056
0 0.103906 0.592361 0.026562 0.037500
3 0.881641 0.528472 0.033594 0.037500
0 0.894531 0.536806 0.037500 0.037500
3 0.746484 0.543750 0.046094 0.043056
0 0.391016 0.570139 0.025781 0.029167
0 0.415234 0.561111 0.028906 0.033333
0 0.527344 0.561111 0.028125 0.033333
0 0.672266 0.552083 0.032031 0.034722
3 0.710156 0.545833 0.029687 0.044444
