3 0.349609 0.606944 0.172656 0.188889
0 0.670312 0.634028 0.162500 0.126389
0 0.150000 0.597917 0.045312 0.056944
0 0.682031 0.563889 0.101562 0.066667
0 0.527344 0.568750 0.101562 0.062500
4 0.973047 0.523611 0.053906 0.075000
0 0.852344 0.549306 0.067187 0.054167
3 0.180469 0.578472 0.034375 0.040278
0 0.109766 0.594444 0.027344 0.041667
3 0.881641 0.528472 0.033594 0.037500
0 0.893750 0.537500 0.035937 0.038889
3 0.746484 0.543750 0.046094 0.043056
3 0.926953 0.523611 0.028906 0.038889
0 0.938672 0.536111 0.019531 0.038889
0 0.791797 0.546528 0.050781 0.051389
0 0.415234 0.561111 0.028906 0.033333
0 0.597266 0.559028 0.033594 0.034722
3 0.710156 0.545833 0.029687 0.044444
