3 0.437109 0.618750 0.230469 0.229167
0 0.810937 0.629167 0.160938 0.127778
0 0.161719 0.599306 0.045312 0.056944
0 0.588281 0.567361 0.101562 0.062500
0 0.886719 0.545139 0.056250 0.045833
3 0.196484 0.577083 0.047656 0.040278
0 0.116016 0.595139 0.030469 0.043056
3 0.926953 0.523611 0.028906 0.038889
0 0.944531 0.536111 0.031250 0.038889
0 0.791797 0.546528 0.050781 0.051389
0 0.834375 0.545833 0.042188 0.044444
0 0.739062 0.559028 0.090625 0.065278
0 0.527344 0.561111 0.028125 0.033333
0 0.643750 0.552083 0.032813 0.037500
0 0.672266 0.552083 0.032031 0.034722
