3 0.562500 0.627778 0.285938 0.255556
0 0.930859 0.625000 0.132031 0.133333
0 0.178906 0.602778 0.051562 0.058333
0 0.918750 0.540972 0.056250 0.045833
3 0.217188 0.579861 0.051562 0.045833
0 0.124609 0.595833 0.032031 0.044444
0 0.834375 0.545833 0.042188 0.044444
3 0.885938 0.527778 0.039062 0.050000
0 0.795312 0.552778 0.087500 0.072222
3 0.746094 0.544444 0.045312 0.038889
0 0.090234 0.591667 0.019531 0.036111
0 0.391016 0.570139 0.025781 0.029167
0 0.415234 0.561111 0.028906 0.033333
3 0.710156 0.545833 0.029687 0.044444
