3 0.719531 0.622222 0.312500 0.286111
0 0.198047 0.606944 0.061719 0.066667
0 0.942187 0.541667 0.048438 0.047222
3 0.242969 0.575694 0.057813 0.048611
0 0.134375 0.599306 0.034375 0.051389
0 0.844922 0.551389 0.063281 0.055556
3 0.883984 0.525694 0.035156 0.045833
0 0.094922 0.593056 0.021094 0.033333
0 0.897266 0.535417 0.038281 0.040278
0 0.523438 0.631944 0.115625 0.125000
0 0.391016 0.570139 0.025781 0.029167
0 0.415234 0.561111 0.028906 0.033333
0 0.480469 0.562500 0.026562 0.038889
0 0.505078 0.559722 0.025781 0.036111
0 0.527344 0.561111 0.028125 0.033333
