3 0.879297 0.607639 0.241406 0.273611
0 0.226172 0.617361 0.082031 0.084722
3 0.271875 0.579167 0.073438 0.052778
0 0.143750 0.599306 0.040625 0.051389
0 0.097656 0.595139 0.023438 0.037500
0 0.674219 0.641667 0.192188 0.158333
0 0.737109 0.558333 0.046094 0.061111
0 0.116797 0.588194 0.017969 0.029167
0 0.391016 0.570139 0.025781 0.029167
0 0.415234 0.561111 0.028906 0.033333
0 0.480469 0.562500 0.026562 0.038889
0 0.505078 0.559722 0.025781 0.036111
0 0.527344 0.561111 0.028125 0.033333
0 0.597266 0.559028 0.033594 0.034722
0 0.643750 0.552083 0.032813 0.037500
0 0.672266 0.552083 0.032031 0.034722
3 0.710156 0.545833 0.029687 0.044444
