0 0.258203 0.618750 0.091406 0.098611
3 0.308203 0.574306 0.082031 0.065278
0 0.158594 0.602083 0.048438 0.054167
0 0.104688 0.595833 0.021875 0.038889
0 0.830469 0.629861 0.212500 0.134722
0 0.803906 0.545833 0.081250 0.050000
0 0.125000 0.586806 0.020313 0.031944
0 0.910937 0.545139 0.051562 0.056944
3 0.747656 0.542361 0.048438 0.045833
0 0.183984 0.581944 0.035156 0.041667
0 0.225391 0.589583 0.046094 0.056944
0 0.391016 0.570139 0.025781 0.029167
0 0.415234 0.561111 0.028906 0.033333
0 0.480469 0.562500 0.026562 0.038889
0 0.505078 0.559722 0.025781 0.036111
0 0.527344 0.561111 0.028125 0.033333
0 0.597266 0.559028 0.033594 0.034722
0 0.643750 0.552083 0.032813 0.037500
0 0.672266 0.552083 0.032031 0.034722
3 0.710156 0.545833 0.029687 0.044444
