0 0.309375 0.628472 0.118750 0.104167
3 0.358203 0.574306 0.088281 0.070833
0 0.175781 0.603472 0.054688 0.056944
0 0.109766 0.596528 0.022656 0.040278
0 0.936719 0.631250 0.126562 0.143056
0 0.845703 0.543750 0.074219 0.045833
0 0.128906 0.587500 0.028125 0.033333
0 0.942187 0.538889 0.050000 0.044444
3 0.747656 0.542361 0.048438 0.045833
0 0.203125 0.580556 0.045312 0.044444
0 0.987500 0.531944 0.025000 0.041667
0 0.893750 0.534722 0.032813 0.041667
0 0.791016 0.543056 0.046094 0.047222
0 0.082812 0.592361 0.018750 0.031944
0 0.260937 0.594444 0.059375 0.072222
0 0.415234 0.561111 0.028906 0.033333
0 0.480469 0.562500 0.026562 0.038889
0 0.505078 0.559722 0.025781 0.036111
0 0.527344 0.561111 0.028125 0.033333
0 0.597266 0.559028 0.033594 0.034722
0 0.643750 0.552083 0.032813 0.037500
0 0.672266 0.552083 0.032031 0.034722
3 0.710156 0.545833 0.029687 0.044444
