0 0.369922 0.638889 0.146094 0.119444
3 0.401172 0.570139 0.088281 0.070833
0 0.192969 0.606944 0.067187 0.069444
0 0.118359 0.595139 0.024219 0.043056
0 0.880859 0.543056 0.064844 0.050000
0 0.140234 0.588889 0.028906 0.036111
0 0.965625 0.538889 0.050000 0.044444
3 0.747656 0.542361 0.048438 0.045833
0 0.224219 0.580556 0.050000 0.044444
0 0.920703 0.538194 0.035156 0.037500
0 0.791016 0.543056 0.046094 0.047222
0 0.086719 0.593056 0.020313 0.038889
0 0.831250 0.547222 0.039062 0.041667
0 0.309766 0.598611 0.075781 0.077778
0 0.068359 0.596528 0.019531 0.034722
0 0.480469 0.562500 0.026562 0.038889
0 0.505078 0.559722 0.025781 0.036111
0 0.527344 0.561111 0.028125 0.033333
0 0.597266 0.559028 0.033594 0.034722
0 0.643750 0.552083 0.032813 0.037500
0 0.672266 0.552083 0.032031 0.034722
3 0.710156 0.545833 0.029687 0.044444
