0 0.459766 0.659028 0.185156 0.148611
3 0.464453 0.570139 0.111719 0.070833
0 0.217188 0.611111 0.075000 0.075000
0 0.128516 0.597917 0.032031 0.048611
0 0.907422 0.538889 0.060156 0.050000
0 0.149609 0.589583 0.027344 0.037500
0 0.982422 0.539583 0.035156 0.048611
3 0.747656 0.542361 0.048438 0.045833
0 0.253516 0.579167 0.064844 0.047222
0 0.791016 0.543056 0.046094 0.047222
0 0.091406 0.593056 0.020313 0.038889
0 0.831250 0.547222 0.039062 0.041667
0 0.376563 0.608333 0.103125 0.102778
0 0.073047 0.597917 0.019531 0.037500
0 0.951172 0.532639 0.025781 0.037500
0 0.527344 0.561111 0.028125 0.033333
0 0.597266 0.559028 0.033594 0.034722
0 0.643750 0.552083 0.032813 0.037500
0 0.672266 0.552083 0.032031 0.034722
3 0.710156 0.545833 0.029687 0.044444
