0 0.591406 0.673611 0.234375 0.163889
3 0.531641 0.566667 0.105469 0.077778
0 0.246484 0.618750 0.088281 0.084722
0 0.135547 0.597917 0.032031 0.048611
0 0.937109 0.536806 0.058594 0.051389
0 0.163672 0.589583 0.027344 0.037500
3 0.747656 0.542361 0.048438 0.045833
0 0.288672 0.577778 0.072656 0.050000
0 0.789453 0.543056 0.049219 0.047222
0 0.099219 0.593056 0.020313 0.038889
0 0.831250 0.547222 0.039062 0.041667
0 0.464844 0.618750 0.123438 0.120833
0 0.078125 0.593056 0.023438 0.047222
0 0.892188 0.539583 0.032813 0.043056
0 0.391016 0.570139 0.025781 0.029167
0 0.597266 0.559028 0.033594 0.034722
0 0.643750 0.552083 0.032813 0.037500
0 0.672266 0.552083 0.032031 0.034722
3 0.710156 0.545833 0.029687 0.044444
