0 0.748437 0.668056 0.234375 0.163889
3 0.608594 0.567361 0.092188 0.076389
0 0.286328 0.627778 0.116406 0.097222
0 0.146875 0.600694 0.039062 0.054167
0 0.956641 0.535417 0.050781 0.048611
0 0.175781 0.594444 0.035937 0.047222
3 0.747656 0.542361 0.048438 0.045833
0 0.330469 0.578472 0.078125 0.051389
0 0.789453 0.543056 0.049219 0.047222
0 0.104688 0.593056 0.020313 0.038889
0 0.831250 0.547222 0.039062 0.041667
0 0.578125 0.631944 0.151562 0.144444
0 0.086719 0.598611 0.023438 0.044444
0 0.890234 0.538194 0.028906 0.040278
0 0.912500 0.538889 0.034375 0.041667
0 0.068750 0.591667 0.015625 0.038889
0 0.391016 0.570139 0.025781 0.029167
0 0.415234 0.561111 0.028906 0.033333
0 0.480469 0.562500 0.026562 0.038889
0 0.505078 0.559722 0.025781 0.036111
0 0.672266 0.552083 0.032031 0.034722
3 0.710156 0.545833 0.029687 0.044444
