0 0.907422 0.664583 0.185156 0.176389
3 0.662500 0.556944 0.098437 0.069444
0 0.341406 0.634028 0.139063 0.112500
0 0.160547 0.602778 0.053906 0.058333
0 0.973047 0.532639 0.036719 0.045833
0 0.193750 0.594444 0.040625 0.047222
3 0.747656 0.542361 0.048438 0.045833
0 0.377734 0.573611 0.086719 0.058333
0 0.789453 0.543056 0.049219 0.047222
0 0.110156 0.593056 0.020313 0.038889
0 0.831250 0.547222 0.039062 0.041667
0 0.737500 0.623611 0.182812 0.152778
0 0.098047 0.601389 0.027344 0.047222
0 0.890234 0.538194 0.028906 0.040278
0 0.912500 0.538889 0.034375 0.041667
0 0.073438 0.595833 0.021875 0.047222
3 0.127344 0.572222 0.020313 0.041667
0 0.415234 0.561111 0.028906 0.033333
0 0.480469 0.562500 0.026562 0.038889
0 0.505078 0.559722 0.025781 0.036111
0 0.527344 0.561111 0.028125 0.033333
0 0.597266 0.559028 0.033594 0.034722
