3 0.730469 0.556944 0.098437 0.069444
0 0.419922 0.645139 0.182031 0.134722
0 0.176953 0.605556 0.053906 0.058333
0 0.985156 0.531250 0.025000 0.048611
0 0.214844 0.595833 0.043750 0.050000
0 0.436328 0.575000 0.094531 0.066667
0 0.789453 0.543056 0.049219 0.047222
0 0.885156 0.622917 0.179688 0.148611
0 0.912500 0.538889 0.034375 0.041667
3 0.134375 0.570833 0.026562 0.044444
0 0.951562 0.529861 0.026562 0.034722
3 0.194922 0.565972 0.049219 0.043056
0 0.129688 0.588889 0.021875 0.036111
0 0.105859 0.603472 0.032031 0.048611
0 0.079297 0.595139 0.025781 0.040278
0 0.480469 0.562500 0.026562 0.038889
0 0.505078 0.559722 0.025781 0.036111
0 0.527344 0.561111 0.028125 0.033333
0 0.597266 0.559028 0.033594 0.034722
0 0.643750 0.552083 0.032813 0.037500
0 0.672266 0.552083 0.032031 0.034722
