3 0.792969 0.551389 0.095312 0.061111
0 0.527344 0.663194 0.232813 0.145833
0 0.199609 0.608333 0.066406 0.063889
0 0.240234 0.595833 0.053906 0.050000
0 0.497266 0.574306 0.100781 0.068056
0 0.963281 0.619444 0.073438 0.155556
0 0.912500 0.538889 0.034375 0.041667
3 0.144531 0.570833 0.031250 0.047222
0 0.951562 0.529861 0.026562 0.034722
3 0.220312 0.561806 0.057813 0.051389
0 0.124219 0.613889 0.040625 0.069444
0 0.087109 0.598611 0.027344 0.047222
0 0.892188 0.536111 0.023438 0.033333
0 0.840234 0.546528 0.032031 0.040278
3 0.743359 0.545139 0.036719 0.045833
0 0.391016 0.570139 0.025781 0.029167
0 0.415234 0.561111 0.028906 0.033333
0 0.597266 0.559028 0.033594 0.034722
0 0.643750 0.552083 0.032813 0.037500
0 0.672266 0.552083 0.032031 0.034722
3 0.710156 0.545833 0.029687 0.044444
