3 0.838672 0.548611 0.086719 0.066667
0 0.676172 0.666667 0.264844 0.161111
0 0.223828 0.611806 0.078906 0.073611
0 0.279687 0.597917 0.071875 0.054167
0 0.562891 0.568750 0.100781 0.068056
0 0.912500 0.538889 0.034375 0.041667
3 0.153516 0.570139 0.036719 0.048611
0 0.951562 0.529861 0.026562 0.034722
3 0.257422 0.563194 0.069531 0.056944
0 0.142969 0.619444 0.057813 0.077778
0 0.095312 0.602083 0.035937 0.054167
0 0.892188 0.536111 0.023438 0.033333
3 0.743359 0.545139 0.036719 0.045833
0 0.788672 0.542361 0.049219 0.048611
0 0.391016 0.570139 0.025781 0.029167
0 0.415234 0.561111 0.028906 0.033333
0 0.480469 0.562500 0.026562 0.038889
0 0.505078 0.559722 0.025781 0.036111
0 0.643750 0.552083 0.032813 0.037500
0 0.672266 0.552083 0.032031 0.034722
3 0.710156 0.545833 0.029687 0.044444
