3 0.882031 0.541667 0.079687 0.058333
0 0.838672 0.658333 0.264844 0.161111
0 0.254688 0.620139 0.095312 0.087500
0 0.320703 0.604861 0.085156 0.068056
0 0.626953 0.563194 0.100781 0.068056
0 0.912500 0.538889 0.034375 0.041667
3 0.172266 0.568056 0.038281 0.052778
0 0.951562 0.529861 0.026562 0.034722
3 0.300391 0.560417 0.082031 0.073611
0 0.172656 0.631944 0.070312 0.100000
0 0.107813 0.603472 0.045312 0.059722
3 0.743359 0.545139 0.036719 0.045833
0 0.788672 0.542361 0.049219 0.048611
0 0.832812 0.547917 0.035937 0.043056
0 0.391016 0.570139 0.025781 0.029167
0 0.415234 0.561111 0.028906 0.033333
0 0.480469 0.562500 0.026562 0.038889
0 0.505078 0.559722 0.025781 0.036111
0 0.527344 0.561111 0.028125 0.033333
3 0.710156 0.545833 0.029687 0.044444
