3 0.918359 0.542361 0.066406 0.062500
0 0.940625 0.650000 0.118750 0.175000
0 0.304297 0.622917 0.105469 0.095833
0 0.381250 0.613194 0.112500 0.087500
0 0.695703 0.559028 0.096094 0.065278
3 0.192188 0.566667 0.043750 0.055556
0 0.951562 0.529861 0.026562 0.034722
3 0.355469 0.559722 0.096875 0.080556
0 0.225391 0.652083 0.097656 0.115278
0 0.123438 0.610417 0.051562 0.073611
3 0.743359 0.545139 0.036719 0.045833
0 0.788672 0.542361 0.049219 0.048611
0 0.832812 0.547917 0.035937 0.043056
0 0.165625 0.600694 0.048438 0.056944
0 0.415234 0.561111 0.028906 0.033333
0 0.480469 0.562500 0.026562 0.038889
0 0.505078 0.559722 0.025781 0.036111
0 0.527344 0.561111 0.028125 0.033333
0 0.597266 0.559028 0.033594 0.034722
