3 0.950781 0.538194 0.056250 0.065278
0 0.371484 0.632639 0.127344 0.115278
0 0.460547 0.621528 0.149219 0.106944
0 0.751563 0.551389 0.090625 0.061111
3 0.219141 0.569444 0.055469 0.069444
3 0.426172 0.555556 0.111719 0.088889
0 0.310156 0.680556 0.146875 0.155556
0 0.144531 0.622917 0.073438 0.093056
0 0.788672 0.542361 0.049219 0.048611
0 0.832812 0.547917 0.035937 0.043056
0 0.185547 0.603472 0.055469 0.068056
0 0.909375 0.536806 0.039062 0.043056
0 0.892578 0.535417 0.028906 0.037500
0 0.480469 0.562500 0.026562 0.038889
0 0.505078 0.559722 0.025781 0.036111
0 0.527344 0.561111 0.028125 0.033333
0 0.597266 0.559028 0.033594 0.034722
0 0.643750 0.552083 0.032813 0.037500
0 0.672266 0.552083 0.032031 0.034722
