3 0.973047 0.533333 0.053906 0.063889
0 0.570703 0.628472 0.167969 0.118056
3 0.252344 0.567361 0.065625 0.079167
3 0.503516 0.548611 0.116406 0.100000
0 0.466406 0.713889 0.250000 0.236111
0 0.180859 0.635417 0.089844 0.106944
0 0.834766 0.545139 0.039844 0.037500
0 0.212109 0.609722 0.063281 0.072222
0 0.909375 0.536806 0.039062 0.043056
0 0.892578 0.535417 0.028906 0.037500
0 0.803516 0.552778 0.082031 0.063889
3 0.745313 0.550694 0.040625 0.051389
0 0.130469 0.594444 0.032813 0.047222
0 0.415234 0.561111 0.028906 0.033333
0 0.597266 0.559028 0.033594 0.034722
0 0.643750 0.552083 0.032813 0.037500
0 0.672266 0.552083 0.032031 0.034722
3 0.710156 0.545833 0.029687 0.044444
