3 0.982031 0.532639 0.035937 0.062500
0 0.700391 0.618750 0.203906 0.101389
3 0.294531 0.565278 0.076563 0.086111
3 0.587500 0.552778 0.114062 0.105556
0 0.725391 0.763889 0.316406 0.283333
0 0.232031 0.663194 0.135937 0.140278
0 0.843750 0.547222 0.070312 0.058333
0 0.909375 0.536806 0.039062 0.043056
0 0.892578 0.535417 0.028906 0.037500
3 0.745313 0.550694 0.040625 0.051389
0 0.142187 0.599306 0.042188 0.056944
0 0.951953 0.530556 0.025781 0.041667
0 0.789844 0.546528 0.051562 0.045833
0 0.525391 0.658333 0.197656 0.138889
0 0.415234 0.561111 0.028906 0.033333
0 0.480469 0.562500 0.026562 0.038889
0 0.505078 0.559722 0.025781 0.036111
0 0.527344 0.561111 0.028125 0.033333
0 0.643750 0.552083 0.032813 0.037500
0 0.672266 0.552083 0.032031 0.034722
3 0.710156 0.545833 0.029687 0.044444
