0 0.846094 0.624306 0.193750 0.101389
3 0.345313 0.563194 0.090625 0.090278
3 0.675781 0.543056 0.114062 0.105556
0 0.946094 0.741667 0.107813 0.313889
0 0.329688 0.700000 0.221875 0.200000
0 0.885156 0.543750 0.062500 0.054167
0 0.909375 0.536806 0.039062 0.043056
3 0.745313 0.550694 0.040625 0.051389
0 0.155469 0.595833 0.048438 0.058333
0 0.951953 0.530556 0.025781 0.041667
0 0.789844 0.546528 0.051562 0.045833
0 0.694922 0.671528 0.291406 0.181944
0 0.833203 0.545833 0.035156 0.038889
0 0.073047 0.599306 0.025781 0.040278
0 0.116016 0.583333 0.016406 0.027778
0 0.090625 0.592361 0.015625 0.031944
0 0.415234 0.561111 0.028906 0.033333
0 0.480469 0.562500 0.026562 0.038889
0 0.505078 0.559722 0.025781 0.036111
0 0.527344 0.561111 0.028125 0.033333
0 0.597266 0.559028 0.033594 0.034722
