0 0.947266 0.617361 0.105469 0.120833
3 0.407031 0.558333 0.100000 0.091667
3 0.752344 0.538194 0.109375 0.106944
0 0.514062 0.759028 0.364063 0.287500
0 0.914062 0.542361 0.062500 0.054167
0 0.173437 0.602083 0.056250 0.070833
0 0.951953 0.530556 0.025781 0.041667
0 0.858594 0.672222 0.273438 0.186111
0 0.833203 0.545833 0.035156 0.038889
0 0.082031 0.600694 0.031250 0.043056
0 0.317578 0.634028 0.108594 0.104167
0 0.285938 0.597917 0.068750 0.062500
0 0.122266 0.584028 0.016406 0.026389
0 0.480469 0.562500 0.026562 0.038889
0 0.505078 0.559722 0.025781 0.036111
0 0.527344 0.561111 0.028125 0.033333
0 0.597266 0.559028 0.033594 0.034722
0 0.643750 0.552083 0.032813 0.037500
0 0.672266 0.552083 0.032031 0.034722
