0 0.954688 0.647917 0.090625 0.181944
3 0.477344 0.557639 0.112500 0.098611
3 0.819922 0.534722 0.096094 0.102778
0 0.794531 0.770139 0.410938 0.340278
0 0.944531 0.538194 0.050000 0.051389
0 0.195703 0.603472 0.067969 0.081944
0 0.091797 0.602778 0.030469 0.047222
0 0.403516 0.649306 0.182031 0.143056
0 0.335547 0.604861 0.089844 0.093056
0 0.129688 0.585417 0.018750 0.029167
3 0.744922 0.542361 0.046094 0.048611
0 0.907031 0.537500 0.026562 0.041667
0 0.890234 0.536806 0.027344 0.034722
0 0.289844 0.583333 0.034375 0.041667
0 0.391016 0.570139 0.025781 0.029167
0 0.415234 0.561111 0.028906 0.033333
0 0.527344 0.561111 0.028125 0.033333
0 0.597266 0.559028 0.033594 0.034722
0 0.643750 0.552083 0.032813 0.037500
0 0.672266 0.552083 0.032031 0.034722
3 0.710156 0.545833 0.029687 0.044444
