3 0.533203 0.552778 0.113281 0.108333
3 0.863281 0.534028 0.084375 0.090278
0 0.945312 0.766667 0.109375 0.355556
0 0.961719 0.536806 0.050000 0.051389
0 0.220312 0.605556 0.082812 0.086111
0 0.101953 0.606944 0.036719 0.055556
0 0.481250 0.657639 0.220312 0.165278
0 0.380078 0.604861 0.097656 0.093056
0 0.133594 0.585417 0.018750 0.029167
3 0.744922 0.542361 0.046094 0.048611
0 0.914453 0.536806 0.032031 0.037500
0 0.791406 0.543056 0.048438 0.050000
0 0.173437 0.590278 0.028125 0.050000
0 0.328516 0.581944 0.035156 0.050000
0 0.391016 0.570139 0.025781 0.029167
0 0.415234 0.561111 0.028906 0.033333
0 0.597266 0.559028 0.033594 0.034722
0 0.643750 0.552083 0.032813 0.037500
0 0.672266 0.552083 0.032031 0.034722
3 0.710156 0.545833 0.029687 0.044444
