3 0.603516 0.545139 0.113281 0.106944
3 0.912891 0.528472 0.083594 0.095833
0 0.981641 0.536111 0.036719 0.050000
0 0.254688 0.611806 0.093750 0.101389
0 0.112891 0.604167 0.041406 0.072222
0 0.599609 0.667361 0.271094 0.181944
0 0.459375 0.615278 0.126562 0.113889
0 0.143750 0.585417 0.020313 0.029167
3 0.744922 0.542361 0.046094 0.048611
0 0.791406 0.543056 0.048438 0.050000
0 0.192188 0.594444 0.040625 0.058333
0 0.392578 0.581250 0.050781 0.048611
0 0.833203 0.547917 0.039844 0.043056
0 0.505078 0.559722 0.025781 0.036111
0 0.527344 0.561111 0.028125 0.033333
0 0.672266 0.552083 0.032031 0.034722
3 0.710156 0.545833 0.029687 0.044444
