3 0.673438 0.547917 0.104688 0.104167
3 0.945703 0.524306 0.058594 0.087500
0 0.301172 0.625000 0.122656 0.119444
0 0.127344 0.612500 0.053125 0.083333
0 0.739453 0.667361 0.283594 0.181944
0 0.564844 0.632639 0.162500 0.143056
0 0.154688 0.585417 0.020313 0.029167
3 0.744922 0.542361 0.046094 0.048611
0 0.791406 0.543056 0.048438 0.050000
0 0.212891 0.594444 0.058594 0.058333
0 0.469922 0.577778 0.064844 0.052778
0 0.833203 0.547917 0.039844 0.043056
0 0.903906 0.540972 0.023438 0.037500
0 0.892188 0.535417 0.025000 0.037500
0 0.391016 0.570139 0.025781 0.029167
0 0.415234 0.561111 0.028906 0.033333
0 0.597266 0.559028 0.033594 0.034722
