3 0.732031 0.540972 0.104688 0.104167
3 0.973437 0.523611 0.053125 0.088889
0 0.361328 0.634028 0.152344 0.140278
0 0.151562 0.623611 0.067187 0.088889
0 0.883594 0.665278 0.232813 0.177778
0 0.695312 0.625000 0.181250 0.155556
0 0.167187 0.584722 0.028125 0.030556
0 0.791406 0.543056 0.048438 0.050000
0 0.237109 0.594444 0.063281 0.058333
0 0.549219 0.577083 0.076563 0.059722
0 0.833203 0.547917 0.039844 0.043056
0 0.903906 0.540972 0.023438 0.037500
0 0.892188 0.535417 0.025000 0.037500
0 0.391016 0.570139 0.025781 0.029167
0 0.415234 0.561111 0.028906 0.033333
0 0.480469 0.562500 0.026562 0.038889
0 0.505078 0.559722 0.025781 0.036111
0 0.597266 0.559028 0.033594 0.034722
