3 0.788672 0.523611 0.085156 0.080556
0 0.449609 0.647917 0.188281 0.168056
0 0.187891 0.640972 0.086719 0.109722
0 0.960938 0.659722 0.078125 0.172222
0 0.267188 0.600694 0.075000 0.073611
0 0.630469 0.571528 0.076563 0.059722
0 0.912500 0.541667 0.040625 0.038889
0 0.890625 0.538889 0.021875 0.044444
0 0.952344 0.531250 0.028125 0.034722
0 0.834766 0.619444 0.178906 0.155556
0 0.137500 0.601389 0.032813 0.041667
0 0.096094 0.590278 0.023438 0.038889
0 0.391016 0.570139 0.025781 0.029167
0 0.415234 0.561111 0.028906 0.033333
0 0.480469 0.562500 0.026562 0.038889
0 0.505078 0.559722 0.025781 0.036111
0 0.527344 0.561111 0.028125 0.033333
0 0.672266 0.552083 0.032031 0.034722
3 0.710156 0.545833 0.029687 0.044444
