3 0.837109 0.537500 0.074219 0.083333
0 0.563672 0.657639 0.238281 0.195833
0 0.239063 0.657639 0.117188 0.134722
0 0.304688 0.607639 0.087500 0.073611
0 0.702344 0.568056 0.073438 0.055556
0 0.912500 0.541667 0.040625 0.038889
0 0.890625 0.538889 0.021875 0.044444
0 0.952344 0.531250 0.028125 0.034722
0 0.157031 0.606250 0.048438 0.051389
0 0.100781 0.593056 0.025000 0.044444
0 0.781641 0.545833 0.033594 0.047222
3 0.746875 0.547222 0.039062 0.047222
0 0.940234 0.612500 0.113281 0.147222
0 0.201953 0.584028 0.033594 0.031944
0 0.391016 0.570139 0.025781 0.029167
0 0.415234 0.561111 0.028906 0.033333
0 0.480469 0.562500 0.026562 0.038889
0 0.505078 0.559722 0.025781 0.036111
0 0.527344 0.561111 0.028125 0.033333
0 0.597266 0.559028 0.033594 0.034722
0 0.643750 0.552083 0.032813 0.037500
3 0.710156 0.545833 0.029687 0.044444
