3 0.873047 0.534028 0.067969 0.084722
0 0.710156 0.659722 0.268750 0.197222
0 0.324219 0.700000 0.179688 0.172222
0 0.354297 0.609722 0.099219 0.080556
0 0.912500 0.541667 0.040625 0.038889
0 0.952344 0.531250 0.028125 0.034722
0 0.177734 0.608333 0.053906 0.055556
0 0.108203 0.594444 0.025781 0.047222
0 0.794141 0.543056 0.044531 0.041667
0 0.762891 0.563194 0.058594 0.051389
0 0.230859 0.584028 0.044531 0.045833
0 0.827344 0.547222 0.026562 0.041667
0 0.144922 0.591667 0.022656 0.041667
0 0.391016 0.570139 0.025781 0.029167
0 0.480469 0.562500 0.026562 0.038889
0 0.505078 0.559722 0.025781 0.036111
0 0.527344 0.561111 0.028125 0.033333
0 0.597266 0.559028 0.033594 0.034722
0 0.643750 0.552083 0.032813 0.037500
0 0.672266 0.552083 0.032031 0.034722
3 0.710156 0.545833 0.029687 0.044444
