3 0.903125 0.527083 0.059375 0.087500
0 0.867578 0.657639 0.247656 0.198611
0 0.486719 0.740278 0.289062 0.255556
0 0.399609 0.612500 0.099219 0.075000
0 0.952344 0.531250 0.028125 0.034722
0 0.201172 0.611111 0.069531 0.072222
0 0.113281 0.593750 0.028125 0.045833
3 0.748047 0.547222 0.046094 0.044444
0 0.259766 0.582639 0.044531 0.045833
0 0.159375 0.594444 0.025000 0.047222
0 0.092188 0.590972 0.020313 0.034722
0 0.480469 0.562500 0.026562 0.038889
0 0.505078 0.559722 0.025781 0.036111
0 0.527344 0.561111 0.028125 0.033333
0 0.597266 0.559028 0.033594 0.034722
0 0.643750 0.552083 0.032813 0.037500
0 0.672266 0.552083 0.032031 0.034722
3 0.710156 0.545833 0.029687 0.044444
