3 0.934766 0.523611 0.057031 0.080556
0 0.951172 0.647222 0.097656 0.197222
0 0.743359 0.771528 0.374219 0.318056
0 0.488672 0.617361 0.149219 0.115278
0 0.230859 0.618056 0.085156 0.088889
0 0.119922 0.595833 0.032031 0.050000
3 0.748047 0.547222 0.046094 0.044444
0 0.294531 0.584722 0.054688 0.050000
0 0.172266 0.595139 0.032031 0.048611
0 0.092188 0.590972 0.020313 0.034722
0 0.791406 0.545833 0.050000 0.044444
0 0.857422 0.553472 0.055469 0.051389
0 0.391016 0.570139 0.025781 0.029167
0 0.415234 0.561111 0.028906 0.033333
0 0.480469 0.562500 0.026562 0.038889
0 0.505078 0.559722 0.025781 0.036111
0 0.527344 0.561111 0.028125 0.033333
0 0.597266 0.559028 0.033594 0.034722
0 0.643750 0.552083 0.032813 0.037500
0 0.672266 0.552083 0.032031 0.034722
3 0.710156 0.545833 0.029687 0.044444
