3 0.958203 0.522222 0.050781 0.080556
0 0.935156 0.753472 0.129688 0.340278
0 0.595703 0.629167 0.178906 0.136111
0 0.271875 0.629167 0.107813 0.111111
0 0.128125 0.596528 0.035937 0.051389
3 0.748047 0.547222 0.046094 0.044444
0 0.344141 0.584028 0.063281 0.054167
0 0.185938 0.598611 0.040625 0.055556
0 0.098437 0.594444 0.023438 0.041667
0 0.791406 0.545833 0.050000 0.044444
0 0.896875 0.553472 0.050000 0.051389
0 0.834766 0.547917 0.042969 0.045833
0 0.391016 0.570139 0.025781 0.029167
0 0.415234 0.561111 0.028906 0.033333
0 0.480469 0.562500 0.026562 0.038889
0 0.505078 0.559722 0.025781 0.036111
0 0.527344 0.561111 0.028125 0.033333
0 0.597266 0.559028 0.033594 0.034722
0 0.643750 0.552083 0.032813 0.037500
0 0.672266 0.552083 0.032031 0.034722
3 0.710156 0.545833 0.029687 0.044444
