3 0.978516 0.520139 0.042969 0.076389
0 0.716406 0.636111 0.184375 0.130556
0 0.325391 0.640278 0.141406 0.122222
0 0.139453 0.597917 0.041406 0.054167
3 0.748047 0.547222 0.046094 0.044444
0 0.397266 0.579861 0.067969 0.051389
0 0.205859 0.595139 0.046094 0.054167
0 0.103516 0.595833 0.025781 0.044444
0 0.791406 0.545833 0.050000 0.044444
0 0.930078 0.545833 0.041406 0.047222
0 0.834766 0.547917 0.042969 0.045833
0 0.892578 0.538194 0.024219 0.037500
0 0.480469 0.562500 0.026562 0.038889
0 0.505078 0.559722 0.025781 0.036111
0 0.527344 0.561111 0.028125 0.033333
0 0.597266 0.559028 0.033594 0.034722
0 0.643750 0.552083 0.032813 0.037500
0 0.672266 0.552083 0.032031 0.034722
3 0.710156 0.545833 0.029687 0.044444
