0 0.850781 0.629167 0.184375 0.130556
0 0.397656 0.657639 0.179688 0.143056
0 0.152734 0.599306 0.047656 0.065278
3 0.748047 0.547222 0.046094 0.044444
0 0.458203 0.580556 0.072656 0.052778
0 0.231641 0.600694 0.052344 0.062500
0 0.110937 0.596528 0.026562 0.045833
0 0.791406 0.545833 0.050000 0.044444
0 0.953516 0.542361 0.036719 0.045833
0 0.834766 0.547917 0.042969 0.045833
0 0.910937 0.540278 0.040625 0.041667
0 0.888672 0.536111 0.022656 0.038889
0 0.087500 0.591667 0.017188 0.033333
0 0.391016 0.570139 0.025781 0.029167
0 0.415234 0.561111 0.028906 0.033333
0 0.505078 0.559722 0.025781 0.036111
0 0.527344 0.561111 0.028125 0.033333
0 0.597266 0.559028 0.033594 0.034722
0 0.643750 0.552083 0.032813 0.037500
0 0.672266 0.552083 0.032031 0.034722
3 0.710156 0.545833 0.029687 0.044444
