0 0.943750 0.627083 0.112500 0.140278
0 0.499609 0.670833 0.230469 0.166667
0 0.169141 0.603472 0.057031 0.073611
3 0.748047 0.547222 0.046094 0.044444
0 0.526953 0.578472 0.078906 0.056944
0 0.260156 0.602778 0.060937 0.066667
0 0.116797 0.597917 0.028906 0.048611
0 0.791406 0.545833 0.050000 0.044444
0 0.976172 0.538194 0.028906 0.037500
0 0.834766 0.547917 0.042969 0.045833
0 0.910937 0.540278 0.040625 0.041667
0 0.888672 0.536111 0.022656 0.038889
0 0.091016 0.592361 0.024219 0.034722
0 0.951562 0.531944 0.020313 0.036111
0 0.391016 0.570139 0.025781 0.029167
0 0.415234 0.561111 0.028906 0.033333
0 0.480469 0.562500 0.026562 0.038889
0 0.597266 0.559028 0.033594 0.034722
0 0.643750 0.552083 0.032813 0.037500
0 0.672266 0.552083 0.032031 0.034722
3 0.710156 0.545833 0.029687 0.044444
