0 0.623828 0.681944 0.275781 0.177778
0 0.187891 0.605556 0.069531 0.077778
3 0.748047 0.547222 0.046094 0.044444
0 0.596484 0.570139 0.075781 0.059722
0 0.301172 0.605556 0.071094 0.072222
0 0.124609 0.600000 0.033594 0.052778
0 0.791406 0.545833 0.050000 0.044444
0 0.834766 0.547917 0.042969 0.045833
0 0.910937 0.540278 0.040625 0.041667
0 0.888672 0.536111 0.022656 0.038889
0 0.095312 0.595139 0.023438 0.040278
0 0.951562 0.532639 0.026562 0.037500
0 0.266016 0.579167 0.039844 0.047222
5 0.081641 0.598611 0.010156 0.038889
0 0.391016 0.570139 0.025781 0.029167
0 0.415234 0.561111 0.028906 0.033333
0 0.480469 0.562500 0.026562 0.038889
0 0.505078 0.559722 0.025781 0.036111
0 0.527344 0.561111 0.028125 0.033333
0 0.643750 0.552083 0.032813 0.037500
0 0.672266 0.552083 0.032031 0.034722
3 0.710156 0.545833 0.029687 0.044444
