0 0.778125 0.674306 0.292187 0.195833
0 0.216406 0.609722 0.076563 0.086111
3 0.748047 0.547222 0.046094 0.044444
0 0.670312 0.565972 0.076563 0.056944
0 0.353906 0.609722 0.090625 0.086111
0 0.134766 0.597917 0.035156 0.048611
0 0.791406 0.545833 0.050000 0.044444
0 0.834766 0.547917 0.042969 0.045833
0 0.910937 0.540278 0.040625 0.041667
0 0.888672 0.536111 0.022656 0.038889
0 0.101953 0.598611 0.027344 0.047222
0 0.951562 0.532639 0.026562 0.037500
0 0.303125 0.579167 0.048438 0.055556
5 0.092969 0.607639 0.012500 0.048611
0 0.391016 0.570139 0.025781 0.029167
0 0.415234 0.561111 0.028906 0.033333
0 0.480469 0.562500 0.026562 0.038889
0 0.505078 0.559722 0.025781 0.036111
0 0.527344 0.561111 0.028125 0.033333
0 0.597266 0.559028 0.033594 0.034722
3 0.710156 0.545833 0.029687 0.044444
