0 0.898828 0.668750 0.202344 0.184722
0 0.251563 0.615972 0.090625 0.095833
0 0.735938 0.563194 0.071875 0.054167
0 0.422266 0.612500 0.105469 0.094444
0 0.146094 0.598611 0.040625 0.050000
0 0.791406 0.545833 0.050000 0.044444
0 0.834766 0.547917 0.042969 0.045833
0 0.910937 0.540278 0.040625 0.041667
0 0.888672 0.536111 0.022656 0.038889
0 0.103906 0.594444 0.023438 0.038889
0 0.951562 0.532639 0.026562 0.037500
0 0.349609 0.577083 0.058594 0.054167
0 0.200000 0.593750 0.029687 0.054167
5 0.111719 0.609722 0.015625 0.061111
0 0.083984 0.589583 0.017969 0.029167
0 0.480469 0.562500 0.026562 0.038889
0 0.505078 0.559722 0.025781 0.036111
0 0.527344 0.561111 0.028125 0.033333
0 0.597266 0.559028 0.033594 0.034722
0 0.643750 0.552083 0.032813 0.037500
0 0.672266 0.552083 0.032031 0.034722
