0 0.296484 0.623611 0.116406 0.116667
3 0.748047 0.547222 0.046094 0.044444
0 0.796875 0.559028 0.060937 0.045833
0 0.517578 0.625694 0.139844 0.115278
0 0.161328 0.600000 0.047656 0.052778
0 0.834766 0.547917 0.042969 0.045833
0 0.910937 0.540278 0.040625 0.041667
0 0.888672 0.536111 0.022656 0.038889
0 0.113672 0.596528 0.028906 0.043056
0 0.951562 0.532639 0.026562 0.037500
0 0.404297 0.576389 0.080469 0.066667
0 0.228516 0.595139 0.046094 0.056944
5 0.134766 0.629167 0.022656 0.077778
0 0.087500 0.590972 0.018750 0.031944
0 0.480469 0.562500 0.026562 0.038889
0 0.505078 0.559722 0.025781 0.036111
0 0.527344 0.561111 0.028125 0.033333
0 0.597266 0.559028 0.033594 0.034722
0 0.643750 0.552083 0.032813 0.037500
0 0.672266 0.552083 0.032031 0.034722
3 0.710156 0.545833 0.029687 0.044444
