0 0.360547 0.639583 0.150781 0.154167
3 0.748047 0.547222 0.046094 0.044444
0 0.791406 0.545139 0.050000 0.040278
0 0.639062 0.624306 0.156250 0.134722
0 0.176953 0.602083 0.058594 0.056944
0 0.844922 0.553472 0.063281 0.056944
0 0.910937 0.540278 0.040625 0.041667
0 0.888672 0.536111 0.022656 0.038889
0 0.117188 0.595833 0.035937 0.041667
0 0.951562 0.532639 0.026562 0.037500
0 0.463281 0.572222 0.082812 0.063889
0 0.263281 0.600000 0.060937 0.066667
5 0.171875 0.631944 0.034375 0.108333
0 0.090234 0.590972 0.024219 0.031944
0 0.391016 0.570139 0.025781 0.029167
0 0.415234 0.561111 0.028906 0.033333
0 0.505078 0.559722 0.025781 0.036111
0 0.527344 0.561111 0.028125 0.033333
0 0.597266 0.559028 0.033594 0.034722
0 0.643750 0.552083 0.032813 0.037500
0 0.672266 0.552083 0.032031 0.034722
3 0.710156 0.545833 0.029687 0.044444
