0 0.442578 0.645139 0.186719 0.170833
3 0.748047 0.547222 0.046094 0.044444
0 0.791406 0.545139 0.050000 0.040278
0 0.194141 0.609028 0.060156 0.068056
0 0.780859 0.626389 0.152344 0.127778
0 0.915234 0.537500 0.032031 0.036111
0 0.117188 0.595833 0.035937 0.041667
0 0.951562 0.532639 0.026562 0.037500
0 0.528516 0.569444 0.094531 0.066667
0 0.310547 0.609028 0.082031 0.081944
5 0.233984 0.654861 0.049219 0.145833
0 0.090234 0.590972 0.024219 0.031944
0 0.892188 0.552083 0.051562 0.045833
0 0.833594 0.546528 0.042188 0.043056
0 0.597266 0.559028 0.033594 0.034722
0 0.643750 0.552083 0.032813 0.037500
0 0.672266 0.552083 0.032031 0.034722
3 0.710156 0.545833 0.029687 0.044444
