0 0.561328 0.667361 0.227344 0.201389
3 0.748047 0.547222 0.046094 0.044444
0 0.791406 0.545139 0.050000 0.040278
0 0.226562 0.611111 0.081250 0.083333
0 0.916016 0.613194 0.141406 0.126389
0 0.928516 0.547917 0.039844 0.043056
0 0.136328 0.597917 0.039844 0.048611
0 0.952344 0.531250 0.028125 0.034722
0 0.597266 0.570833 0.089844 0.063889
0 0.366016 0.612500 0.108594 0.091667
5 0.368750 0.704861 0.104688 0.231944
0 0.099219 0.594444 0.023438 0.038889
0 0.833594 0.546528 0.042188 0.043056
0 0.168359 0.589583 0.036719 0.051389
0 0.391016 0.570139 0.025781 0.029167
0 0.415234 0.561111 0.028906 0.033333
0 0.505078 0.559722 0.025781 0.036111
0 0.643750 0.552083 0.032813 0.037500
0 0.672266 0.552083 0.032031 0.034722
3 0.710156 0.545833 0.029687 0.044444
