0 0.709375 0.662500 0.253125 0.188889
3 0.748047 0.547222 0.046094 0.044444
0 0.791406 0.545139 0.050000 0.040278
0 0.266406 0.617361 0.101562 0.098611
0 0.911328 0.537500 0.035156 0.041667
0 0.144922 0.596528 0.039844 0.048611
0 0.957422 0.538889 0.038281 0.050000
0 0.442578 0.620833 0.133594 0.108333
5 0.661328 0.749306 0.185156 0.301389
0 0.104297 0.593750 0.028906 0.037500
0 0.833594 0.546528 0.042188 0.043056
0 0.183984 0.588889 0.042969 0.058333
0 0.890625 0.538194 0.018750 0.037500
0 0.480469 0.562500 0.026562 0.038889
0 0.505078 0.559722 0.025781 0.036111
0 0.527344 0.561111 0.028125 0.033333
0 0.597266 0.559028 0.033594 0.034722
3 0.710156 0.545833 0.029687 0.044444
