0 0.865234 0.657639 0.238281 0.190278
0 0.791406 0.545139 0.050000 0.040278
0 0.315234 0.630556 0.124219 0.116667
0 0.950391 0.531250 0.022656 0.043056
0 0.154297 0.607639 0.047656 0.065278
0 0.980469 0.535417 0.029687 0.043056
0 0.540625 0.623611 0.162500 0.113889
0 0.112891 0.594444 0.025781 0.038889
0 0.887500 0.539583 0.020313 0.034722
0 0.205469 0.590278 0.051562 0.063889
0 0.911719 0.541667 0.040625 0.044444
0 0.731250 0.558333 0.076563 0.055556
2 0.056250 0.575694 0.020313 0.056944
0 0.084375 0.589583 0.017188 0.023611
0 0.391016 0.570139 0.025781 0.029167
0 0.415234 0.561111 0.028906 0.033333
0 0.597266 0.559028 0.033594 0.034722
0 0.643750 0.552083 0.032813 0.037500
0 0.672266 0.552083 0.032031 0.034722
