0 0.956250 0.649306 0.087500 0.187500
0 0.381250 0.641667 0.171875 0.141667
0 0.951172 0.528472 0.024219 0.037500
0 0.173437 0.602083 0.050000 0.070833
0 0.666016 0.631250 0.180469 0.126389
0 0.119141 0.595833 0.032031 0.041667
0 0.887500 0.539583 0.020313 0.034722
0 0.229297 0.590278 0.064844 0.075000
0 0.911719 0.541667 0.040625 0.044444
0 0.789844 0.551389 0.075000 0.050000
2 0.056250 0.575694 0.020313 0.056944
0 0.087891 0.592361 0.016406 0.029167
0 0.834375 0.549306 0.035937 0.040278
3 0.740625 0.547917 0.031250 0.051389
0 0.580078 0.572222 0.097656 0.066667
0 0.391016 0.570139 0.025781 0.029167
0 0.415234 0.561111 0.028906 0.033333
0 0.480469 0.562500 0.026562 0.038889
0 0.505078 0.559722 0.025781 0.036111
0 0.527344 0.561111 0.028125 0.033333
0 0.643750 0.552083 0.032813 0.037500
0 0.672266 0.552083 0.032031 0.034722
3 0.710156 0.545833 0.029687 0.044444
