0 0.481250 0.649306 0.214062 0.156944
0 0.951172 0.528472 0.024219 0.037500
0 0.195312 0.609722 0.065625 0.080556
0 0.809766 0.629861 0.180469 0.126389
0 0.128516 0.596528 0.035156 0.043056
0 0.887500 0.539583 0.020313 0.034722
0 0.262500 0.595833 0.075000 0.080556
0 0.911719 0.541667 0.040625 0.044444
0 0.786328 0.545833 0.047656 0.038889
2 0.056250 0.575694 0.020313 0.056944
0 0.089844 0.592361 0.020313 0.029167
0 0.840625 0.552778 0.064062 0.052778
3 0.740625 0.547917 0.031250 0.051389
0 0.666797 0.570139 0.100781 0.070833
0 0.391016 0.570139 0.025781 0.029167
0 0.415234 0.561111 0.028906 0.033333
0 0.480469 0.562500 0.026562 0.038889
0 0.505078 0.559722 0.025781 0.036111
0 0.527344 0.561111 0.028125 0.033333
0 0.597266 0.559028 0.033594 0.034722
