0 0.600391 0.659028 0.253906 0.179167
0 0.951172 0.528472 0.024219 0.037500
0 0.220703 0.617361 0.077344 0.087500
0 0.935547 0.625000 0.128906 0.136111
0 0.137891 0.600694 0.039844 0.051389
0 0.883203 0.542361 0.053906 0.051389
0 0.303906 0.598611 0.093750 0.097222
0 0.911719 0.541667 0.040625 0.044444
0 0.788672 0.544444 0.047656 0.038889
2 0.058594 0.579861 0.025000 0.065278
0 0.092969 0.594444 0.021875 0.033333
0 0.828906 0.545833 0.040625 0.038889
0 0.744141 0.561806 0.094531 0.068056
0 0.391016 0.570139 0.025781 0.029167
0 0.415234 0.561111 0.028906 0.033333
0 0.480469 0.562500 0.026562 0.038889
0 0.505078 0.559722 0.025781 0.036111
0 0.527344 0.561111 0.028125 0.033333
0 0.597266 0.559028 0.033594 0.034722
0 0.643750 0.552083 0.032813 0.037500
0 0.672266 0.552083 0.032031 0.034722
