0 0.747656 0.662500 0.273438 0.186111
0 0.951172 0.528472 0.024219 0.037500
0 0.253125 0.624306 0.096875 0.104167
0 0.148047 0.602778 0.044531 0.055556
0 0.358203 0.598611 0.111719 0.105556
0 0.918359 0.543056 0.046094 0.047222
2 0.058984 0.579861 0.032031 0.065278
0 0.096484 0.595139 0.024219 0.034722
0 0.813281 0.561806 0.084375 0.062500
3 0.746875 0.547222 0.043750 0.052778
0 0.415234 0.561111 0.028906 0.033333
0 0.480469 0.562500 0.026562 0.038889
0 0.505078 0.559722 0.025781 0.036111
0 0.527344 0.561111 0.028125 0.033333
0 0.597266 0.559028 0.033594 0.034722
0 0.643750 0.552083 0.032813 0.037500
0 0.672266 0.552083 0.032031 0.034722
3 0.710156 0.545833 0.029687 0.044444
