0 0.887109 0.666667 0.225781 0.186111
0 0.951172 0.536111 0.044531 0.052778
0 0.298438 0.630556 0.120313 0.119444
0 0.164453 0.603472 0.052344 0.059722
0 0.426953 0.602083 0.135156 0.118056
0 0.910937 0.536806 0.031250 0.034722
2 0.060547 0.584028 0.035156 0.073611
0 0.101562 0.597222 0.021875 0.038889
0 0.874219 0.548611 0.067187 0.052778
3 0.746875 0.547222 0.043750 0.052778
0 0.792188 0.543750 0.048438 0.048611
0 0.827344 0.549306 0.029687 0.043056
0 0.480469 0.562500 0.026562 0.038889
0 0.505078 0.559722 0.025781 0.036111
0 0.527344 0.561111 0.028125 0.033333
0 0.597266 0.559028 0.033594 0.034722
0 0.643750 0.552083 0.032813 0.037500
0 0.672266 0.552083 0.032031 0.034722
3 0.710156 0.545833 0.029687 0.044444
