0 0.970703 0.532639 0.035156 0.045833
0 0.355469 0.639583 0.153125 0.137500
0 0.181250 0.604861 0.059375 0.062500
0 0.516016 0.605556 0.171094 0.133333
2 0.068750 0.582639 0.035937 0.070833
0 0.108203 0.600000 0.025781 0.044444
0 0.919531 0.548611 0.062500 0.052778
3 0.746875 0.547222 0.043750 0.052778
0 0.792188 0.543750 0.048438 0.048611
0 0.832812 0.549306 0.040625 0.043056
0 0.391016 0.570139 0.025781 0.029167
0 0.415234 0.561111 0.028906 0.033333
0 0.597266 0.559028 0.033594 0.034722
0 0.643750 0.552083 0.032813 0.037500
0 0.672266 0.552083 0.032031 0.034722
3 0.710156 0.545833 0.029687 0.044444
