0 0.435156 0.653472 0.200000 0.165278
0 0.205469 0.609028 0.068750 0.068056
0 0.633984 0.609722 0.194531 0.141667
2 0.071484 0.573611 0.041406 0.088889
0 0.112500 0.595833 0.029687 0.036111
0 0.956641 0.540278 0.057031 0.050000
3 0.746875 0.547222 0.043750 0.052778
0 0.792188 0.543750 0.048438 0.048611
0 0.832812 0.549306 0.040625 0.043056
0 0.912109 0.540278 0.038281 0.038889
0 0.391016 0.570139 0.025781 0.029167
0 0.415234 0.561111 0.028906 0.033333
0 0.480469 0.562500 0.026562 0.038889
0 0.505078 0.559722 0.025781 0.036111
0 0.527344 0.561111 0.028125 0.033333
0 0.672266 0.552083 0.032031 0.034722
3 0.710156 0.545833 0.029687 0.044444
