0 0.539844 0.655556 0.251563 0.188889
0 0.231250 0.617361 0.087500 0.079167
0 0.763672 0.618056 0.205469 0.141667
2 0.073047 0.575000 0.044531 0.091667
0 0.119531 0.596528 0.031250 0.037500
0 0.981250 0.541667 0.032813 0.055556
0 0.792188 0.543750 0.048438 0.048611
0 0.832812 0.549306 0.040625 0.043056
0 0.912109 0.540278 0.038281 0.038889
0 0.391016 0.570139 0.025781 0.029167
0 0.415234 0.561111 0.028906 0.033333
0 0.480469 0.562500 0.026562 0.038889
0 0.505078 0.559722 0.025781 0.036111
0 0.527344 0.561111 0.028125 0.033333
0 0.597266 0.559028 0.033594 0.034722
0 0.643750 0.552083 0.032813 0.037500
