0 0.669922 0.667361 0.280469 0.206944
0 0.268750 0.621528 0.101562 0.090278
0 0.891016 0.615972 0.185156 0.148611
2 0.081641 0.577083 0.049219 0.104167
0 0.128125 0.600694 0.034375 0.045833
0 0.781250 0.551389 0.070312 0.063889
0 0.391016 0.570139 0.025781 0.029167
0 0.415234 0.561111 0.028906 0.033333
0 0.480469 0.562500 0.026562 0.038889
0 0.505078 0.559722 0.025781 0.036111
0 0.527344 0.561111 0.028125 0.033333
0 0.597266 0.559028 0.033594 0.034722
0 0.643750 0.552083 0.032813 0.037500
0 0.672266 0.552083 0.032031 0.034722
3 0.710156 0.545833 0.029687 0.044444
