0 0.816016 0.671528 0.280469 0.201389
0 0.316797 0.639583 0.133594 0.104167
0 0.961328 0.602778 0.075781 0.150000
2 0.088281 0.577083 0.057813 0.112500
0 0.135937 0.597222 0.037500 0.050000
0 0.853906 0.548611 0.070312 0.063889
0 0.910547 0.538889 0.036719 0.044444
0 0.791797 0.546528 0.052344 0.054167
3 0.746484 0.547222 0.039844 0.052778
0 0.391016 0.570139 0.025781 0.029167
0 0.415234 0.561111 0.028906 0.033333
0 0.480469 0.562500 0.026562 0.038889
0 0.505078 0.559722 0.025781 0.036111
0 0.527344 0.561111 0.028125 0.033333
0 0.597266 0.559028 0.033594 0.034722
0 0.643750 0.552083 0.032813 0.037500
0 0.672266 0.552083 0.032031 0.034722
3 0.710156 0.545833 0.029687 0.044444
3 0.290625 0.578472 0.090625 0.073611
