0 0.916016 0.668056 0.158594 0.205556
0 0.384766 0.652778 0.163281 0.119444
2 0.094141 0.579861 0.067969 0.118056
0 0.147656 0.600000 0.040625 0.055556
0 0.904687 0.540278 0.060937 0.047222
0 0.791797 0.546528 0.052344 0.054167
3 0.746484 0.547222 0.039844 0.052778
0 0.950781 0.531250 0.028125 0.034722
0 0.833594 0.547917 0.042188 0.040278
3 0.332813 0.589583 0.106250 0.087500
0 0.172266 0.586806 0.025781 0.045833
0 0.391016 0.570139 0.025781 0.029167
0 0.415234 0.561111 0.028906 0.033333
0 0.480469 0.562500 0.026562 0.038889
0 0.505078 0.559722 0.025781 0.036111
0 0.527344 0.561111 0.028125 0.033333
0 0.597266 0.559028 0.033594 0.034722
0 0.643750 0.552083 0.032813 0.037500
0 0.672266 0.552083 0.032031 0.034722
3 0.710156 0.545833 0.029687 0.044444
