0 0.477734 0.659722 0.207031 0.138889
2 0.109375 0.575694 0.075000 0.134722
0 0.164844 0.600694 0.043750 0.056944
0 0.946875 0.536806 0.048438 0.048611
0 0.791797 0.546528 0.052344 0.054167
3 0.746484 0.547222 0.039844 0.052778
0 0.833594 0.547917 0.042188 0.040278
3 0.384375 0.601389 0.129688 0.102778
0 0.184766 0.589583 0.025781 0.045833
0 0.907031 0.537500 0.029687 0.044444
0 0.480469 0.562500 0.026562 0.038889
0 0.505078 0.559722 0.025781 0.036111
0 0.527344 0.561111 0.028125 0.033333
0 0.597266 0.559028 0.033594 0.034722
0 0.643750 0.552083 0.032813 0.037500
0 0.672266 0.552083 0.032031 0.034722
3 0.710156 0.545833 0.029687 0.044444
