0 0.594141 0.670139 0.252344 0.159722
2 0.121094 0.578472 0.100000 0.145833
0 0.184375 0.604861 0.043750 0.056944
0 0.977344 0.534722 0.040625 0.047222
0 0.791797 0.546528 0.052344 0.054167
3 0.746484 0.547222 0.039844 0.052778
0 0.833594 0.547917 0.042188 0.040278
3 0.464062 0.605556 0.165625 0.141667
0 0.206250 0.590972 0.029687 0.048611
0 0.909766 0.539583 0.036719 0.048611
0 0.391016 0.570139 0.025781 0.029167
0 0.415234 0.561111 0.028906 0.033333
0 0.597266 0.559028 0.033594 0.034722
0 0.643750 0.552083 0.032813 0.037500
0 0.672266 0.552083 0.032031 0.034722
3 0.710156 0.545833 0.029687 0.044444
