0 0.732422 0.673611 0.274219 0.183333
2 0.138281 0.577778 0.110937 0.180556
0 0.208984 0.601389 0.053906 0.072222
0 0.791797 0.546528 0.052344 0.054167
3 0.743750 0.544444 0.045312 0.047222
0 0.833594 0.547917 0.042188 0.040278
3 0.555469 0.613889 0.193750 0.158333
0 0.909766 0.539583 0.036719 0.048611
0 0.951562 0.531250 0.028125 0.037500
0 0.391016 0.570139 0.025781 0.029167
0 0.415234 0.561111 0.028906 0.033333
0 0.480469 0.562500 0.026562 0.038889
0 0.505078 0.559722 0.025781 0.036111
0 0.643750 0.552083 0.032813 0.037500
0 0.672266 0.552083 0.032031 0.034722
3 0.710156 0.545833 0.029687 0.044444
