0 0.873828 0.661111 0.247656 0.183333
2 0.162891 0.578472 0.144531 0.212500
0 0.249219 0.607639 0.043750 0.084722
0 0.791797 0.546528 0.052344 0.054167
0 0.833594 0.547917 0.042188 0.040278
3 0.667188 0.611806 0.221875 0.165278
0 0.909766 0.539583 0.036719 0.048611
0 0.951562 0.531250 0.028125 0.037500
0 0.391016 0.570139 0.025781 0.029167
0 0.415234 0.561111 0.028906 0.033333
0 0.480469 0.562500 0.026562 0.038889
0 0.505078 0.559722 0.025781 0.036111
0 0.597266 0.559028 0.033594 0.034722
0 0.643750 0.552083 0.032813 0.037500
