0 0.948047 0.660417 0.099219 0.181944
2 0.200391 0.580556 0.189844 0.266667
0 0.300781 0.613194 0.048438 0.095833
0 0.791797 0.546528 0.052344 0.054167
3 0.794922 0.607639 0.222656 0.170833
0 0.909766 0.539583 0.036719 0.048611
0 0.951562 0.531250 0.028125 0.037500
3 0.744531 0.547222 0.042188 0.047222
5 0.094531 0.604167 0.018750 0.050000
0 0.391016 0.570139 0.025781 0.029167
0 0.415234 0.561111 0.028906 0.033333
0 0.480469 0.562500 0.026562 0.038889
0 0.505078 0.559722 0.025781 0.036111
0 0.597266 0.559028 0.033594 0.034722
0 0.643750 0.552083 0.032813 0.037500
0 0.672266 0.552083 0.032031 0.034722
3 0.710156 0.545833 0.029687 0.044444
