2 0.257422 0.590972 0.263281 0.345833
0 0.791797 0.546528 0.052344 0.054167
3 0.907031 0.604861 0.178125 0.193056
0 0.909766 0.539583 0.036719 0.048611
3 0.744531 0.547222 0.042188 0.047222
5 0.106250 0.607639 0.021875 0.081944
0 0.834375 0.544444 0.042188 0.047222
0 0.391016 0.570139 0.025781 0.029167
0 0.415234 0.561111 0.028906 0.033333
0 0.480469 0.562500 0.026562 0.038889
0 0.505078 0.559722 0.025781 0.036111
0 0.597266 0.559028 0.033594 0.034722
0 0.643750 0.552083 0.032813 0.037500
0 0.672266 0.552083 0.032031 0.034722
3 0.710156 0.545833 0.029687 0.044444
