2 0.911328 0.611111 0.174219 0.613889
5 0.288672 0.657639 0.078906 0.156944
3 0.147656 0.573611 0.042188 0.097222
0 0.365625 0.641667 0.140625 0.113889
0 0.100781 0.594444 0.026562 0.041667
0 0.403125 0.602083 0.125000 0.106944
3 0.194531 0.581944 0.053125 0.072222
0 0.790625 0.619444 0.103125 0.125000
3 0.618750 0.556944 0.114062 0.094444
3 0.747656 0.547222 0.037500 0.050000
0 0.790234 0.545139 0.047656 0.048611
0 0.291797 0.584028 0.057031 0.051389
0 0.480469 0.562500 0.026562 0.038889
0 0.505078 0.559722 0.025781 0.036111
0 0.672266 0.552083 0.032031 0.034722
3 0.710156 0.545833 0.029687 0.044444
