5 0.392188 0.684722 0.110937 0.180556
3 0.156250 0.577778 0.050000 0.102778
0 0.440625 0.650694 0.176563 0.131944
0 0.107031 0.595833 0.026562 0.044444
0 0.467187 0.609028 0.154688 0.120833
3 0.216016 0.588889 0.069531 0.072222
0 0.916406 0.620139 0.120313 0.129167
3 0.719141 0.554167 0.097656 0.075000
0 0.790234 0.545139 0.047656 0.048611
0 0.360156 0.581250 0.067187 0.054167
0 0.832422 0.545139 0.041406 0.040278
0 0.910547 0.539583 0.041406 0.040278
0 0.952344 0.529861 0.026562 0.037500
0 0.505078 0.559722 0.025781 0.036111
0 0.597266 0.559028 0.033594 0.034722
0 0.643750 0.552083 0.032813 0.037500
3 0.710156 0.545833 0.029687 0.044444
