5 0.539062 0.704861 0.153125 0.212500
3 0.168359 0.576389 0.063281 0.113889
0 0.539453 0.656250 0.247656 0.140278
0 0.111328 0.595833 0.028906 0.044444
0 0.552734 0.609028 0.169531 0.090278
3 0.243359 0.592361 0.080469 0.084722
0 0.973437 0.612500 0.043750 0.136111
3 0.746484 0.547222 0.042969 0.050000
3 0.808984 0.554167 0.085156 0.066667
0 0.442969 0.579861 0.073438 0.065278
0 0.910547 0.539583 0.041406 0.040278
0 0.952344 0.529861 0.026562 0.037500
0 0.391016 0.570139 0.025781 0.029167
0 0.597266 0.559028 0.033594 0.034722
0 0.643750 0.552083 0.032813 0.037500
0 0.672266 0.552083 0.032031 0.034722
3 0.710156 0.545833 0.029687 0.044444
