5 0.744922 0.714583 0.174219 0.240278
3 0.184766 0.579861 0.077344 0.131944
0 0.658594 0.665278 0.257812 0.144444
0 0.118750 0.595833 0.034375 0.044444
0 0.645703 0.598611 0.175781 0.083333
3 0.274219 0.592361 0.090625 0.093056
3 0.746484 0.547222 0.042969 0.050000
3 0.874219 0.543750 0.070312 0.065278
0 0.539844 0.575694 0.073438 0.065278
0 0.914062 0.536806 0.034375 0.034722
0 0.952344 0.529861 0.026562 0.037500
0 0.828125 0.544444 0.034375 0.038889
0 0.791406 0.547917 0.050000 0.048611
0 0.143359 0.583333 0.022656 0.036111
0 0.391016 0.570139 0.025781 0.029167
0 0.415234 0.561111 0.028906 0.033333
0 0.480469 0.562500 0.026562 0.038889
0 0.505078 0.559722 0.025781 0.036111
3 0.710156 0.545833 0.029687 0.044444
