5 0.939453 0.703472 0.121094 0.234722
3 0.208594 0.579167 0.085938 0.138889
0 0.808594 0.663194 0.271875 0.159722
0 0.127734 0.596528 0.036719 0.045833
0 0.735938 0.610417 0.170313 0.112500
3 0.317969 0.597917 0.117188 0.106944
0 0.649219 0.567361 0.073438 0.065278
0 0.831641 0.545139 0.041406 0.040278
0 0.791406 0.547917 0.050000 0.048611
0 0.156250 0.583333 0.031250 0.036111
3 0.933203 0.538889 0.057031 0.058333
0 0.893359 0.539583 0.030469 0.034722
3 0.098828 0.580556 0.027344 0.052778
0 0.391016 0.570139 0.025781 0.029167
0 0.415234 0.561111 0.028906 0.033333
0 0.480469 0.562500 0.026562 0.038889
0 0.505078 0.559722 0.025781 0.036111
0 0.597266 0.559028 0.033594 0.034722
3 0.710156 0.545833 0.029687 0.044444
