3 0.233594 0.578472 0.096875 0.151389
0 0.920703 0.667361 0.158594 0.176389
0 0.140234 0.596528 0.039844 0.045833
0 0.846875 0.615278 0.160938 0.133333
3 0.369531 0.597917 0.125000 0.120833
0 0.760156 0.562500 0.076563 0.069444
0 0.173828 0.584722 0.028906 0.038889
3 0.964063 0.535417 0.053125 0.051389
0 0.909375 0.541667 0.042188 0.038889
3 0.103906 0.581944 0.026562 0.055556
0 0.078125 0.593056 0.018750 0.030556
0 0.480469 0.562500 0.026562 0.038889
0 0.505078 0.559722 0.025781 0.036111
0 0.597266 0.559028 0.033594 0.034722
0 0.643750 0.552083 0.032813 0.037500
0 0.672266 0.552083 0.032031 0.034722
3 0.710156 0.545833 0.029687 0.044444
