3 0.266406 0.581944 0.115625 0.175000
0 0.155469 0.600694 0.045312 0.054167
0 0.940625 0.607639 0.118750 0.148611
3 0.433984 0.600694 0.150781 0.131944
0 0.850781 0.558333 0.076563 0.069444
0 0.195703 0.584028 0.030469 0.040278
3 0.109375 0.586111 0.028125 0.063889
0 0.078125 0.593056 0.018750 0.030556
0 0.790625 0.547917 0.053125 0.056944
3 0.745703 0.547222 0.044531 0.047222
0 0.505078 0.559722 0.025781 0.036111
0 0.597266 0.559028 0.033594 0.034722
0 0.643750 0.552083 0.032813 0.037500
0 0.672266 0.552083 0.032031 0.034722
3 0.710156 0.545833 0.029687 0.044444
