3 0.307031 0.585417 0.137500 0.193056
0 0.173828 0.599306 0.053906 0.056944
3 0.516016 0.604167 0.186719 0.155556
0 0.915234 0.550000 0.058594 0.052778
3 0.112109 0.584028 0.033594 0.059722
0 0.079687 0.596528 0.021875 0.037500
0 0.790625 0.547917 0.053125 0.056944
3 0.745703 0.547222 0.044531 0.047222
0 0.834766 0.545833 0.036719 0.038889
0 0.391016 0.570139 0.025781 0.029167
0 0.415234 0.561111 0.028906 0.033333
0 0.597266 0.559028 0.033594 0.034722
0 0.643750 0.552083 0.032813 0.037500
0 0.672266 0.552083 0.032031 0.034722
3 0.710156 0.545833 0.029687 0.044444
