3 0.355469 0.589583 0.168750 0.226389
0 0.195703 0.601389 0.064844 0.066667
3 0.618359 0.605556 0.205469 0.175000
0 0.965234 0.543056 0.046094 0.055556
3 0.121094 0.581944 0.034375 0.069444
0 0.082422 0.594444 0.027344 0.033333
0 0.790625 0.547917 0.053125 0.056944
3 0.745703 0.547222 0.044531 0.047222
0 0.834766 0.545833 0.036719 0.038889
0 0.912891 0.541667 0.039844 0.038889
3 0.566016 0.559028 0.074219 0.062500
0 0.480469 0.562500 0.026562 0.038889
0 0.505078 0.559722 0.025781 0.036111
3 0.710156 0.545833 0.029687 0.044444
