0 0.567578 0.625694 0.203906 0.131944
3 0.246484 0.592361 0.107031 0.148611
0 0.122656 0.604861 0.043750 0.054167
3 0.747266 0.547917 0.041406 0.048611
3 0.881250 0.546528 0.068750 0.068056
0 0.791016 0.543750 0.049219 0.051389
0 0.831641 0.547917 0.035156 0.048611
0 0.089453 0.587500 0.019531 0.033333
0 0.391016 0.570139 0.025781 0.029167
0 0.415234 0.561111 0.028906 0.033333
0 0.480469 0.562500 0.026562 0.038889
0 0.505078 0.559722 0.025781 0.036111
0 0.643750 0.552083 0.032813 0.037500
0 0.672266 0.552083 0.032031 0.034722
3 0.710156 0.545833 0.029687 0.044444
