0 0.662891 0.629861 0.225781 0.137500
3 0.298438 0.593750 0.129688 0.168056
0 0.133203 0.608333 0.055469 0.058333
3 0.747266 0.547917 0.041406 0.048611
3 0.933594 0.541667 0.056250 0.058333
0 0.791016 0.543750 0.049219 0.051389
0 0.833984 0.546528 0.039844 0.045833
0 0.093750 0.590972 0.020313 0.040278
0 0.391016 0.570139 0.025781 0.029167
0 0.415234 0.561111 0.028906 0.033333
0 0.480469 0.562500 0.026562 0.038889
0 0.505078 0.559722 0.025781 0.036111
0 0.597266 0.559028 0.033594 0.034722
3 0.710156 0.545833 0.029687 0.044444
