0 0.898047 0.621528 0.189844 0.129167
3 0.627734 0.618056 0.300781 0.327778
0 0.189453 0.615278 0.078906 0.083333
0 0.834766 0.545139 0.041406 0.040278
0 0.108594 0.594444 0.035937 0.047222
0 0.790234 0.543750 0.049219 0.051389
3 0.745703 0.546528 0.038281 0.048611
0 0.414844 0.618056 0.132812 0.105556
0 0.950781 0.532639 0.028125 0.031944
5 0.139844 0.600000 0.017188 0.055556
0 0.391016 0.570139 0.025781 0.029167
0 0.415234 0.561111 0.028906 0.033333
0 0.480469 0.562500 0.026562 0.038889
0 0.505078 0.559722 0.025781 0.036111
