0 0.265625 0.631944 0.121875 0.119444
0 0.127344 0.595139 0.037500 0.054167
0 0.536328 0.621528 0.178906 0.129167
5 0.159375 0.606250 0.018750 0.068056
0 0.176563 0.588194 0.045312 0.056944
0 0.911328 0.541667 0.033594 0.038889
0 0.835156 0.548611 0.037500 0.044444
0 0.791406 0.546528 0.050000 0.045833
3 0.746875 0.549306 0.042188 0.043056
0 0.091406 0.590972 0.017188 0.029167
0 0.391016 0.570139 0.025781 0.029167
0 0.415234 0.561111 0.028906 0.033333
0 0.480469 0.562500 0.026562 0.038889
0 0.505078 0.559722 0.025781 0.036111
0 0.597266 0.559028 0.033594 0.034722
0 0.643750 0.552083 0.032813 0.037500
0 0.672266 0.552083 0.032031 0.034722
3 0.710156 0.545833 0.029687 0.044444
