0 0.791406 0.548611 0.054688 0.044444
0 0.835156 0.545139 0.043750 0.040278
0 0.894141 0.536111 0.039844 0.044444
0 0.950391 0.531944 0.036719 0.036111
3 0.746094 0.546528 0.051562 0.048611
2 0.059375 0.574306 0.031250 0.065278
0 0.098437 0.593056 0.021875 0.036111
0 0.119141 0.590972 0.022656 0.031944
3 0.177734 0.588889 0.038281 0.047222
5 0.077734 0.619444 0.013281 0.041667
0 0.141797 0.581944 0.019531 0.027778
0 0.391016 0.570139 0.025781 0.029167
0 0.415234 0.561111 0.028906 0.033333
0 0.480469 0.562500 0.026562 0.038889
0 0.505078 0.559722 0.025781 0.036111
0 0.527344 0.561111 0.028125 0.033333
0 0.597266 0.559028 0.033594 0.034722
0 0.643750 0.552083 0.032813 0.037500
0 0.672266 0.552083 0.032031 0.034722
3 0.710156 0.545833 0.029687 0.044444
