0 0.791406 0.548611 0.054688 0.044444
0 0.835156 0.545139 0.043750 0.040278
0 0.894141 0.536111 0.039844 0.044444
0 0.955859 0.531944 0.036719 0.036111
3 0.746094 0.546528 0.051562 0.048611
2 0.071875 0.575000 0.042188 0.080556
3 0.330469 0.572917 0.082812 0.076389
5 0.832812 0.749306 0.195312 0.295833
3 0.927734 0.527083 0.024219 0.037500
0 0.152344 0.601389 0.045312 0.047222
0 0.105469 0.581250 0.025000 0.045833
0 0.267969 0.578472 0.051562 0.048611
0 0.126562 0.586806 0.021875 0.040278
0 0.391016 0.570139 0.025781 0.029167
0 0.415234 0.561111 0.028906 0.033333
0 0.480469 0.562500 0.026562 0.038889
0 0.505078 0.559722 0.025781 0.036111
0 0.527344 0.561111 0.028125 0.033333
0 0.597266 0.559028 0.033594 0.034722
0 0.643750 0.552083 0.032813 0.037500
0 0.672266 0.552083 0.032031 0.034722
3 0.710156 0.545833 0.029687 0.044444
