0 0.791406 0.548611 0.054688 0.044444
0 0.835156 0.545139 0.043750 0.040278
0 0.894141 0.536111 0.039844 0.044444
0 0.955859 0.531944 0.036719 0.036111
3 0.746094 0.546528 0.051562 0.048611
2 0.083984 0.569444 0.042969 0.100000
3 0.378516 0.574306 0.099219 0.079167
3 0.927734 0.527083 0.024219 0.037500
0 0.172656 0.606250 0.056250 0.054167
0 0.111719 0.584028 0.025000 0.045833
0 0.296875 0.581944 0.064062 0.055556
0 0.136328 0.585417 0.030469 0.043056
0 0.480469 0.562500 0.026562 0.038889
0 0.505078 0.559722 0.025781 0.036111
0 0.527344 0.561111 0.028125 0.033333
0 0.597266 0.559028 0.033594 0.034722
0 0.643750 0.552083 0.032813 0.037500
0 0.672266 0.552083 0.032031 0.034722
3 0.710156 0.545833 0.029687 0.044444
