0 0.791406 0.548611 0.054688 0.044444
0 0.835156 0.545139 0.043750 0.040278
0 0.894141 0.536111 0.039844 0.044444
0 0.955859 0.531944 0.036719 0.036111
3 0.746094 0.546528 0.051562 0.048611
2 0.087109 0.571528 0.049219 0.104167
3 0.435547 0.575000 0.107031 0.086111
3 0.927734 0.527083 0.024219 0.037500
0 0.194141 0.602778 0.064844 0.069444
0 0.115234 0.583333 0.024219 0.047222
0 0.330859 0.579167 0.071094 0.061111
0 0.147656 0.586806 0.032813 0.048611
0 0.505078 0.559722 0.025781 0.036111
0 0.527344 0.561111 0.028125 0.033333
0 0.597266 0.559028 0.033594 0.034722
0 0.643750 0.552083 0.032813 0.037500
0 0.672266 0.552083 0.032031 0.034722
3 0.710156 0.545833 0.029687 0.044444
