0 0.791406 0.548611 0.054688 0.044444
0 0.835156 0.545139 0.043750 0.040278
0 0.894141 0.536111 0.039844 0.044444
0 0.955859 0.531944 0.036719 0.036111
3 0.746094 0.546528 0.051562 0.048611
2 0.087109 0.571528 0.049219 0.104167
3 0.503125 0.570833 0.115625 0.077778
3 0.927734 0.527083 0.024219 0.037500
0 0.225000 0.611806 0.081250 0.079167
0 0.120703 0.586111 0.022656 0.041667
0 0.368359 0.579167 0.071094 0.061111
0 0.156641 0.589583 0.038281 0.051389
3 0.168359 0.568056 0.036719 0.047222
0 0.415234 0.561111 0.028906 0.033333
0 0.597266 0.559028 0.033594 0.034722
0 0.643750 0.552083 0.032813 0.037500
0 0.672266 0.552083 0.032031 0.034722
3 0.710156 0.545833 0.029687 0.044444
