0 0.791406 0.548611 0.054688 0.044444
0 0.835156 0.545139 0.043750 0.040278
0 0.894141 0.536111 0.039844 0.044444
0 0.955859 0.531944 0.036719 0.036111
3 0.746094 0.546528 0.051562 0.048611
2 0.099609 0.580556 0.066406 0.113889
3 0.580469 0.568056 0.115625 0.077778
3 0.927734 0.527083 0.024219 0.037500
0 0.270703 0.625694 0.111719 0.090278
0 0.408594 0.579861 0.085938 0.059722
0 0.169141 0.589583 0.038281 0.051389
3 0.184766 0.572222 0.041406 0.066667
0 0.224609 0.593056 0.047656 0.052778
0 0.480469 0.562500 0.026562 0.038889
0 0.505078 0.559722 0.025781 0.036111
0 0.643750 0.552083 0.032813 0.037500
0 0.672266 0.552083 0.032031 0.034722
3 0.710156 0.545833 0.029687 0.044444
