0 0.791406 0.548611 0.054688 0.044444
0 0.835156 0.545139 0.043750 0.040278
0 0.894141 0.536111 0.039844 0.044444
0 0.955859 0.531944 0.036719 0.036111
3 0.746094 0.546528 0.051562 0.048611
2 0.111328 0.580556 0.077344 0.113889
3 0.655469 0.561111 0.115625 0.077778
3 0.927734 0.527083 0.024219 0.037500
0 0.335156 0.629167 0.139063 0.116667
0 0.460547 0.570833 0.091406 0.061111
0 0.183203 0.588889 0.046094 0.052778
3 0.201172 0.565278 0.041406 0.066667
0 0.260937 0.602083 0.070312 0.076389
0 0.391016 0.570139 0.025781 0.029167
0 0.415234 0.561111 0.028906 0.033333
0 0.505078 0.559722 0.025781 0.036111
0 0.527344 0.561111 0.028125 0.033333
0 0.597266 0.559028 0.033594 0.034722
0 0.643750 0.552083 0.032813 0.037500
3 0.710156 0.545833 0.029687 0.044444
