0 0.791406 0.548611 0.054688 0.044444
0 0.835156 0.545139 0.043750 0.040278
0 0.894141 0.536111 0.039844 0.044444
0 0.955859 0.531944 0.036719 0.036111
2 0.120313 0.568750 0.089063 0.154167
3 0.726562 0.561111 0.115625 0.077778
3 0.927734 0.527083 0.024219 0.037500
0 0.432422 0.645139 0.188281 0.143056
0 0.516016 0.569444 0.089844 0.063889
0 0.199609 0.590278 0.053906 0.055556
3 0.212891 0.563889 0.057031 0.069444
0 0.303906 0.602778 0.096875 0.080556
0 0.391016 0.570139 0.025781 0.029167
0 0.415234 0.561111 0.028906 0.033333
0 0.480469 0.562500 0.026562 0.038889
0 0.597266 0.559028 0.033594 0.034722
0 0.643750 0.552083 0.032813 0.037500
