0 0.894141 0.536111 0.039844 0.044444
0 0.955859 0.531944 0.036719 0.036111
2 0.135156 0.575000 0.109375 0.169444
3 0.927734 0.527083 0.024219 0.037500
0 0.584766 0.660417 0.255469 0.162500
0 0.580078 0.563889 0.089844 0.063889
0 0.224609 0.591667 0.060156 0.061111
3 0.234766 0.565278 0.069531 0.075000
0 0.362891 0.613194 0.122656 0.095833
3 0.746484 0.545833 0.042969 0.050000
3 0.064062 0.581944 0.018750 0.050000
0 0.391016 0.570139 0.025781 0.029167
0 0.415234 0.561111 0.028906 0.033333
0 0.480469 0.562500 0.026562 0.038889
0 0.505078 0.559722 0.025781 0.036111
0 0.527344 0.561111 0.028125 0.033333
0 0.643750 0.552083 0.032813 0.037500
0 0.672266 0.552083 0.032031 0.034722
3 0.710156 0.545833 0.029687 0.044444
3 0.800000 0.552778 0.096875 0.077778
