0 0.791406 0.548611 0.054688 0.044444
0 0.894141 0.536111 0.039844 0.044444
0 0.955859 0.531944 0.036719 0.036111
2 0.157031 0.588889 0.128125 0.188889
3 0.851953 0.547917 0.094531 0.073611
3 0.927734 0.527083 0.024219 0.037500
0 0.787891 0.662500 0.264844 0.163889
0 0.648047 0.564583 0.097656 0.068056
0 0.251172 0.595833 0.072656 0.072222
3 0.264453 0.562500 0.077344 0.083333
0 0.431641 0.615972 0.149219 0.109722
3 0.746484 0.545833 0.042969 0.050000
3 0.064062 0.584028 0.018750 0.054167
0 0.391016 0.570139 0.025781 0.029167
0 0.415234 0.561111 0.028906 0.033333
0 0.480469 0.562500 0.026562 0.038889
0 0.505078 0.559722 0.025781 0.036111
0 0.527344 0.561111 0.028125 0.033333
0 0.597266 0.559028 0.033594 0.034722
3 0.710156 0.545833 0.029687 0.044444
