0 0.791406 0.548611 0.054688 0.044444
0 0.835156 0.545139 0.043750 0.040278
0 0.955859 0.531944 0.036719 0.036111
2 0.183594 0.584028 0.167187 0.231944
3 0.903516 0.546528 0.094531 0.073611
0 0.943750 0.656250 0.112500 0.176389
0 0.710547 0.560417 0.097656 0.068056
0 0.289453 0.594444 0.078906 0.072222
3 0.298828 0.562500 0.089844 0.083333
0 0.531641 0.622917 0.182031 0.123611
3 0.746484 0.545833 0.042969 0.050000
3 0.065625 0.583333 0.021875 0.052778
0 0.391016 0.570139 0.025781 0.029167
0 0.415234 0.561111 0.028906 0.033333
0 0.480469 0.562500 0.026562 0.038889
0 0.505078 0.559722 0.025781 0.036111
0 0.527344 0.561111 0.028125 0.033333
0 0.597266 0.559028 0.033594 0.034722
0 0.643750 0.552083 0.032813 0.037500
