0 0.835156 0.545139 0.043750 0.040278
0 0.894141 0.536111 0.039844 0.044444
2 0.229687 0.579861 0.225000 0.295833
3 0.927734 0.527083 0.024219 0.037500
0 0.776172 0.552778 0.083594 0.069444
0 0.356250 0.599306 0.059375 0.081944
3 0.358203 0.561806 0.063281 0.098611
0 0.657422 0.634028 0.200781 0.131944
3 0.067187 0.584722 0.025000 0.055556
3 0.943750 0.537500 0.059375 0.066667
0 0.107813 0.595139 0.025000 0.040278
0 0.415234 0.561111 0.028906 0.033333
0 0.480469 0.562500 0.026562 0.038889
0 0.505078 0.559722 0.025781 0.036111
0 0.527344 0.561111 0.028125 0.033333
0 0.597266 0.559028 0.033594 0.034722
0 0.643750 0.552083 0.032813 0.037500
0 0.672266 0.552083 0.032031 0.034722
3 0.710156 0.545833 0.029687 0.044444
