0 0.791406 0.548611 0.054688 0.044444
0 0.894141 0.536111 0.039844 0.044444
2 0.304297 0.595833 0.322656 0.375000
3 0.927734 0.527083 0.024219 0.037500
0 0.800781 0.631944 0.209375 0.136111
3 0.746484 0.545833 0.042969 0.050000
3 0.067969 0.586806 0.028125 0.059722
0 0.119531 0.597917 0.031250 0.045833
3 0.975781 0.537500 0.043750 0.058333
0 0.832031 0.547222 0.071875 0.063889
0 0.094531 0.591667 0.021875 0.044444
0 0.480469 0.562500 0.026562 0.038889
0 0.505078 0.559722 0.025781 0.036111
0 0.527344 0.561111 0.028125 0.033333
0 0.597266 0.559028 0.033594 0.034722
0 0.643750 0.552083 0.032813 0.037500
0 0.672266 0.552083 0.032031 0.034722
3 0.710156 0.545833 0.029687 0.044444
