0 0.791406 0.548611 0.054688 0.044444
0 0.835156 0.545139 0.043750 0.040278
0 0.894141 0.536111 0.039844 0.044444
0 0.955859 0.531944 0.036719 0.036111
2 0.412109 0.598611 0.491406 0.500000
3 0.927734 0.527083 0.024219 0.037500
0 0.926172 0.622917 0.147656 0.137500
3 0.746484 0.545833 0.042969 0.050000
3 0.067969 0.586806 0.028125 0.059722
0 0.125781 0.597917 0.034375 0.045833
0 0.881250 0.543056 0.062500 0.061111
0 0.098437 0.591667 0.021875 0.044444
0 0.152734 0.586806 0.027344 0.045833
0 0.643750 0.552083 0.032813 0.037500
0 0.672266 0.552083 0.032031 0.034722
3 0.710156 0.545833 0.029687 0.044444
