3 0.928125 0.522917 0.028125 0.034722
0 0.952734 0.531944 0.030469 0.038889
3 0.833984 0.530556 0.102344 0.111111
0 0.896094 0.535417 0.035937 0.045833
0 0.578125 0.609028 0.206250 0.159722
0 0.761328 0.560417 0.053906 0.065278
3 0.348828 0.571528 0.097656 0.084722
0 0.252734 0.598611 0.061719 0.063889
0 0.201563 0.609722 0.070312 0.072222
3 0.106641 0.584028 0.047656 0.095833
0 0.073438 0.592361 0.021875 0.043056
0 0.138672 0.590972 0.032031 0.054167
2 0.145313 0.567361 0.045312 0.054167
0 0.415234 0.561111 0.028906 0.033333
0 0.643750 0.552083 0.032813 0.037500
0 0.672266 0.552083 0.032031 0.034722
3 0.710156 0.545833 0.029687 0.044444
