0 0.791406 0.548611 0.054688 0.044444
0 0.835156 0.545139 0.043750 0.040278
0 0.894141 0.536111 0.039844 0.044444
0 0.950781 0.529861 0.035937 0.031944
0 0.233984 0.581944 0.030469 0.030556
3 0.191016 0.581944 0.060156 0.058333
3 0.746094 0.546528 0.051562 0.048611
2 0.052344 0.574306 0.018750 0.051389
0 0.073438 0.588889 0.012500 0.027778
0 0.094531 0.588889 0.014063 0.025000
3 0.114453 0.581250 0.016406 0.031944
0 0.139453 0.581944 0.021094 0.030556
0 0.391016 0.570139 0.025781 0.029167
0 0.415234 0.561111 0.028906 0.033333
0 0.480469 0.562500 0.026562 0.038889
0 0.505078 0.559722 0.025781 0.036111
0 0.527344 0.561111 0.028125 0.033333
0 0.597266 0.559028 0.033594 0.034722
0 0.643750 0.552083 0.032813 0.037500
0 0.672266 0.552083 0.032031 0.034722
3 0.710156 0.545833 0.029687 0.044444
