3 0.928906 0.527778 0.026562 0.044444
0 0.952734 0.531944 0.030469 0.038889
3 0.885938 0.533333 0.082812 0.108333
0 0.704688 0.611806 0.221875 0.159722
0 0.787500 0.543056 0.051562 0.052778
3 0.393359 0.572917 0.097656 0.084722
0 0.293750 0.601389 0.070312 0.072222
0 0.229297 0.613889 0.082031 0.080556
3 0.121484 0.586111 0.057031 0.116667
0 0.080078 0.596528 0.027344 0.051389
2 0.159766 0.566667 0.047656 0.069444
0 0.151172 0.595833 0.033594 0.058333
0 0.480469 0.562500 0.026562 0.038889
0 0.505078 0.559722 0.025781 0.036111
0 0.527344 0.561111 0.028125 0.033333
