3 0.924219 0.531250 0.075000 0.109722
0 0.851562 0.604861 0.212500 0.168056
3 0.439453 0.570833 0.110156 0.088889
0 0.342969 0.605556 0.095312 0.086111
0 0.272656 0.625694 0.103125 0.095833
3 0.136328 0.586806 0.072656 0.123611
0 0.087109 0.596528 0.028906 0.051389
2 0.177734 0.564583 0.036719 0.073611
0 0.505078 0.559722 0.025781 0.036111
0 0.527344 0.561111 0.028125 0.033333
0 0.597266 0.559028 0.033594 0.034722
0 0.643750 0.552083 0.032813 0.037500
0 0.672266 0.552083 0.032031 0.034722
3 0.710156 0.545833 0.029687 0.044444
