0 0.948438 0.599306 0.103125 0.170833
3 0.498047 0.569444 0.110156 0.088889
0 0.421484 0.606250 0.110156 0.106944
0 0.328125 0.635417 0.135937 0.115278
3 0.158984 0.595833 0.096094 0.161111
0 0.097266 0.597222 0.033594 0.058333
2 0.197656 0.575694 0.029687 0.084722
0 0.833203 0.545833 0.036719 0.038889
3 0.746484 0.550000 0.042969 0.044444
0 0.790234 0.543056 0.050781 0.047222
0 0.889453 0.534028 0.025781 0.048611
0 0.391016 0.570139 0.025781 0.029167
0 0.415234 0.561111 0.028906 0.033333
0 0.597266 0.559028 0.033594 0.034722
0 0.643750 0.552083 0.032813 0.037500
0 0.672266 0.552083 0.032031 0.034722
3 0.710156 0.545833 0.029687 0.044444
