3 0.558984 0.559028 0.124219 0.095833
0 0.516406 0.621528 0.135937 0.106944
0 0.411328 0.646528 0.178906 0.131944
3 0.195703 0.607639 0.116406 0.179167
0 0.107813 0.601389 0.040625 0.063889
0 0.833203 0.545833 0.036719 0.038889
3 0.746484 0.550000 0.042969 0.044444
0 0.790234 0.543056 0.050781 0.047222
0 0.895312 0.533333 0.037500 0.047222
3 0.978516 0.520139 0.042969 0.079167
0 0.128906 0.590972 0.023438 0.054167
0 0.078906 0.590278 0.015625 0.027778
0 0.391016 0.570139 0.025781 0.029167
0 0.415234 0.561111 0.028906 0.033333
0 0.480469 0.562500 0.026562 0.038889
0 0.643750 0.552083 0.032813 0.037500
0 0.672266 0.552083 0.032031 0.034722
3 0.710156 0.545833 0.029687 0.044444
3 0.925000 0.522917 0.026562 0.037500
