3 0.621484 0.559028 0.124219 0.095833
0 0.639844 0.620139 0.151562 0.123611
0 0.523828 0.653472 0.238281 0.159722
3 0.243750 0.614583 0.151562 0.229167
0 0.123828 0.604861 0.044531 0.070833
0 0.833203 0.545833 0.036719 0.038889
3 0.746484 0.550000 0.042969 0.044444
0 0.790234 0.543056 0.050781 0.047222
0 0.896094 0.534028 0.035937 0.048611
0 0.142187 0.593750 0.028125 0.048611
0 0.081641 0.591667 0.016406 0.027778
3 0.925781 0.526389 0.023438 0.038889
0 0.951562 0.528472 0.025000 0.034722
0 0.391016 0.570139 0.025781 0.029167
0 0.415234 0.561111 0.028906 0.033333
0 0.480469 0.562500 0.026562 0.038889
0 0.505078 0.559722 0.025781 0.036111
0 0.527344 0.561111 0.028125 0.033333
3 0.710156 0.545833 0.029687 0.044444
