3 0.680859 0.561806 0.124219 0.095833
0 0.782031 0.629167 0.156250 0.133333
0 0.684766 0.665972 0.272656 0.184722
3 0.329297 0.634722 0.242969 0.300000
0 0.139844 0.612500 0.057813 0.080556
0 0.833203 0.545833 0.036719 0.038889
3 0.746484 0.550000 0.042969 0.044444
0 0.790234 0.543056 0.050781 0.047222
0 0.896094 0.534028 0.035937 0.048611
0 0.183594 0.590972 0.031250 0.043056
0 0.083984 0.591667 0.021094 0.027778
3 0.925781 0.526389 0.023438 0.038889
0 0.951562 0.528472 0.025000 0.034722
0 0.415234 0.561111 0.028906 0.033333
0 0.480469 0.562500 0.026562 0.038889
0 0.505078 0.559722 0.025781 0.036111
0 0.527344 0.561111 0.028125 0.033333
0 0.597266 0.559028 0.033594 0.034722
