3 0.746875 0.550694 0.107813 0.079167
0 0.932031 0.610417 0.121875 0.104167
0 0.861719 0.665278 0.253125 0.183333
3 0.462109 0.664583 0.360156 0.393056
0 0.164844 0.620833 0.070312 0.100000
0 0.833203 0.545833 0.036719 0.038889
0 0.790234 0.543056 0.050781 0.047222
0 0.896094 0.534028 0.035937 0.048611
0 0.207422 0.594444 0.038281 0.055556
0 0.088281 0.594444 0.020313 0.033333
3 0.925781 0.526389 0.023438 0.038889
0 0.951562 0.528472 0.025000 0.034722
2 0.238672 0.558333 0.103906 0.105556
0 0.597266 0.559028 0.033594 0.034722
0 0.643750 0.552083 0.032813 0.037500
0 0.672266 0.552083 0.032031 0.034722
