3 0.862109 0.657639 0.275781 0.495833
0 0.258594 0.652083 0.137500 0.143056
0 0.275000 0.598611 0.068750 0.061111
0 0.095703 0.594444 0.027344 0.033333
2 0.314844 0.553472 0.178125 0.112500
0 0.566406 0.663889 0.246875 0.197222
0 0.156641 0.588194 0.030469 0.045833
0 0.077344 0.583333 0.015625 0.033333
0 0.415234 0.561111 0.028906 0.033333
0 0.480469 0.562500 0.026562 0.038889
0 0.505078 0.559722 0.025781 0.036111
0 0.527344 0.561111 0.028125 0.033333
0 0.597266 0.559028 0.033594 0.034722
0 0.643750 0.552083 0.032813 0.037500
0 0.672266 0.552083 0.032031 0.034722
3 0.710156 0.545833 0.029687 0.044444
