0 0.351172 0.684722 0.208594 0.205556
0 0.230859 0.616667 0.067969 0.083333
0 0.101172 0.597222 0.025781 0.038889
2 0.361719 0.547222 0.200000 0.111111
0 0.736328 0.665278 0.274219 0.211111
0 0.175391 0.591667 0.039844 0.050000
0 0.077734 0.583333 0.016406 0.033333
3 0.887500 0.539583 0.078125 0.079167
0 0.951953 0.529167 0.028906 0.033333
0 0.832422 0.547917 0.033594 0.043056
0 0.788672 0.543750 0.053906 0.045833
3 0.745313 0.545139 0.040625 0.045833
0 0.147656 0.571528 0.010937 0.020833
0 0.121094 0.578472 0.014063 0.026389
0 0.480469 0.562500 0.026562 0.038889
0 0.505078 0.559722 0.025781 0.036111
0 0.527344 0.561111 0.028125 0.033333
0 0.597266 0.559028 0.033594 0.034722
0 0.643750 0.552083 0.032813 0.037500
0 0.672266 0.552083 0.032031 0.034722
3 0.710156 0.545833 0.029687 0.044444
