0 0.514844 0.734028 0.315625 0.273611
0 0.286328 0.623611 0.114844 0.100000
0 0.109766 0.596528 0.028906 0.037500
2 0.413672 0.551389 0.225781 0.125000
0 0.900781 0.665278 0.198437 0.213889
0 0.191406 0.609028 0.056250 0.081944
0 0.082812 0.586806 0.018750 0.040278
3 0.916797 0.532639 0.086719 0.068056
0 0.832422 0.547917 0.033594 0.043056
0 0.788672 0.543750 0.053906 0.045833
3 0.745313 0.545139 0.040625 0.045833
0 0.146094 0.571528 0.014063 0.015278
0 0.123828 0.578472 0.014844 0.023611
0 0.527344 0.561111 0.028125 0.033333
0 0.597266 0.559028 0.033594 0.034722
0 0.643750 0.552083 0.032813 0.037500
0 0.672266 0.552083 0.032031 0.034722
3 0.710156 0.545833 0.029687 0.044444
