0 0.763672 0.738889 0.375781 0.341667
0 0.349219 0.638889 0.154688 0.125000
0 0.116797 0.596528 0.033594 0.037500
2 0.473828 0.545833 0.244531 0.133333
0 0.220312 0.597917 0.059375 0.054167
0 0.082812 0.585417 0.018750 0.037500
3 0.954297 0.533333 0.067969 0.069444
0 0.832422 0.547917 0.033594 0.043056
0 0.788672 0.543750 0.053906 0.045833
3 0.745313 0.545139 0.040625 0.045833
0 0.144531 0.572917 0.017188 0.018056
0 0.123828 0.578472 0.014844 0.023611
0 0.894531 0.538194 0.035937 0.043056
0 0.513281 0.624306 0.137500 0.120833
0 0.597266 0.559028 0.033594 0.034722
0 0.643750 0.552083 0.032813 0.037500
0 0.672266 0.552083 0.032031 0.034722
3 0.710156 0.545833 0.029687 0.044444
