0 0.945312 0.733333 0.109375 0.313889
0 0.443750 0.650000 0.204687 0.144444
0 0.124609 0.600000 0.036719 0.044444
2 0.541797 0.538194 0.255469 0.118056
0 0.256641 0.598611 0.064844 0.058333
0 0.089063 0.587500 0.018750 0.041667
3 0.971875 0.533333 0.053125 0.069444
0 0.832422 0.547917 0.033594 0.043056
0 0.788672 0.543750 0.053906 0.045833
3 0.745313 0.545139 0.040625 0.045833
0 0.142187 0.572222 0.012500 0.016667
0 0.894531 0.538194 0.035937 0.043056
0 0.658594 0.624306 0.164062 0.143056
0 0.391016 0.570139 0.025781 0.029167
0 0.672266 0.552083 0.032031 0.034722
3 0.710156 0.545833 0.029687 0.044444
3 0.929297 0.529167 0.033594 0.038889
