0 0.578125 0.666667 0.254688 0.180556
0 0.138281 0.601389 0.043750 0.050000
3 0.613281 0.539583 0.250000 0.120833
0 0.301953 0.609722 0.086719 0.072222
0 0.093359 0.586806 0.019531 0.040278
0 0.952734 0.531250 0.033594 0.031944
0 0.832422 0.547917 0.033594 0.043056
0 0.788672 0.543750 0.053906 0.045833
3 0.745703 0.547222 0.039844 0.050000
0 0.896094 0.536111 0.039062 0.038889
0 0.823438 0.632639 0.164062 0.143056
0 0.257812 0.582639 0.040625 0.048611
0 0.391016 0.570139 0.025781 0.029167
0 0.415234 0.561111 0.028906 0.033333
0 0.480469 0.562500 0.026562 0.038889
