0 0.750000 0.662500 0.282813 0.191667
0 0.154688 0.602083 0.051562 0.056944
2 0.679688 0.538194 0.250000 0.120833
0 0.366797 0.613889 0.113281 0.086111
0 0.100000 0.588889 0.020313 0.044444
0 0.952734 0.531250 0.033594 0.031944
0 0.832422 0.547917 0.033594 0.043056
0 0.896094 0.536111 0.039062 0.038889
0 0.955078 0.614583 0.089844 0.143056
0 0.296875 0.581944 0.050000 0.047222
0 0.391016 0.570139 0.025781 0.029167
0 0.415234 0.561111 0.028906 0.033333
0 0.480469 0.562500 0.026562 0.038889
0 0.505078 0.559722 0.025781 0.036111
0 0.527344 0.561111 0.028125 0.033333
