0 0.909375 0.645833 0.181250 0.202778
0 0.172266 0.604167 0.057031 0.063889
2 0.749219 0.536111 0.235937 0.122222
0 0.457031 0.620833 0.145313 0.105556
0 0.106250 0.589583 0.026562 0.045833
0 0.952734 0.531250 0.033594 0.031944
0 0.896094 0.536111 0.039062 0.038889
0 0.347266 0.581250 0.060156 0.051389
0 0.391016 0.570139 0.025781 0.029167
0 0.415234 0.561111 0.028906 0.033333
0 0.480469 0.562500 0.026562 0.038889
0 0.505078 0.559722 0.025781 0.036111
0 0.527344 0.561111 0.028125 0.033333
0 0.597266 0.559028 0.033594 0.034722
0 0.083594 0.589583 0.015625 0.029167
0 0.070312 0.585417 0.012500 0.029167
