0 0.196484 0.611111 0.069531 0.072222
2 0.806250 0.527778 0.206250 0.111111
0 0.579688 0.634028 0.181250 0.120833
0 0.110156 0.589583 0.029687 0.045833
0 0.952734 0.531250 0.033594 0.031944
0 0.402734 0.579861 0.067969 0.054167
3 0.927344 0.527778 0.028125 0.036111
0 0.156641 0.580556 0.027344 0.027778
0 0.086719 0.589583 0.017188 0.031944
0 0.072656 0.585417 0.012500 0.034722
0 0.480469 0.562500 0.026562 0.038889
0 0.505078 0.559722 0.025781 0.036111
0 0.527344 0.561111 0.028125 0.033333
0 0.597266 0.559028 0.033594 0.034722
0 0.643750 0.552083 0.032813 0.037500
0 0.672266 0.552083 0.032031 0.034722
