0 0.230859 0.620833 0.088281 0.083333
2 0.854688 0.529861 0.176563 0.112500
0 0.737891 0.631250 0.200781 0.137500
0 0.118750 0.590278 0.028125 0.050000
0 0.952734 0.531250 0.033594 0.031944
0 0.468750 0.577778 0.075000 0.052778
0 0.165234 0.578472 0.033594 0.023611
0 0.090234 0.588889 0.016406 0.036111
0 0.074609 0.584028 0.016406 0.031944
3 0.748828 0.546528 0.044531 0.048611
0 0.391016 0.570139 0.025781 0.029167
0 0.415234 0.561111 0.028906 0.033333
0 0.505078 0.559722 0.025781 0.036111
0 0.527344 0.561111 0.028125 0.033333
0 0.597266 0.559028 0.033594 0.034722
0 0.643750 0.552083 0.032813 0.037500
0 0.672266 0.552083 0.032031 0.034722
3 0.710156 0.545833 0.029687 0.044444
