0 0.279687 0.629861 0.115625 0.101389
2 0.898047 0.522222 0.147656 0.105556
0 0.907813 0.626389 0.175000 0.138889
0 0.129297 0.591667 0.028906 0.055556
0 0.544531 0.576389 0.075000 0.052778
0 0.174219 0.580556 0.032813 0.027778
0 0.096484 0.590278 0.017969 0.038889
0 0.078516 0.586111 0.017969 0.036111
3 0.746875 0.546528 0.042188 0.048611
0 0.789062 0.544444 0.053125 0.052778
0 0.391016 0.570139 0.025781 0.029167
0 0.415234 0.561111 0.028906 0.033333
0 0.480469 0.562500 0.026562 0.038889
0 0.505078 0.559722 0.025781 0.036111
0 0.597266 0.559028 0.033594 0.034722
0 0.643750 0.552083 0.032813 0.037500
0 0.672266 0.552083 0.032031 0.034722
3 0.710156 0.545833 0.029687 0.044444
