0 0.346875 0.636806 0.156250 0.120833
2 0.935937 0.522222 0.128125 0.108333
0 0.141016 0.595139 0.033594 0.059722
0 0.620703 0.570139 0.072656 0.051389
0 0.186719 0.577778 0.029687 0.033333
0 0.100391 0.590278 0.017969 0.038889
0 0.080859 0.586111 0.017969 0.036111
3 0.745313 0.545139 0.040625 0.045833
0 0.789844 0.544444 0.051562 0.052778
0 0.833984 0.547917 0.041406 0.045833
0 0.391016 0.570139 0.025781 0.029167
0 0.415234 0.561111 0.028906 0.033333
0 0.480469 0.562500 0.026562 0.038889
0 0.505078 0.559722 0.025781 0.036111
0 0.527344 0.561111 0.028125 0.033333
0 0.643750 0.552083 0.032813 0.037500
0 0.672266 0.552083 0.032031 0.034722
3 0.710156 0.545833 0.029687 0.044444
