0 0.451562 0.656944 0.215625 0.144444
2 0.955859 0.520833 0.088281 0.105556
0 0.156250 0.597917 0.042188 0.065278
0 0.696094 0.566667 0.071875 0.055556
0 0.197656 0.577778 0.029687 0.033333
0 0.105859 0.590278 0.021094 0.038889
0 0.080859 0.586111 0.017969 0.036111
3 0.745313 0.545139 0.040625 0.045833
0 0.789844 0.544444 0.051562 0.052778
0 0.833984 0.547917 0.041406 0.045833
0 0.895312 0.536806 0.034375 0.040278
3 0.879297 0.529861 0.024219 0.045833
0 0.126562 0.584028 0.021875 0.045833
0 0.391016 0.570139 0.025781 0.029167
0 0.415234 0.561111 0.028906 0.033333
0 0.480469 0.562500 0.026562 0.038889
0 0.505078 0.559722 0.025781 0.036111
0 0.527344 0.561111 0.028125 0.033333
0 0.597266 0.559028 0.033594 0.034722
0 0.643750 0.552083 0.032813 0.037500
3 0.710156 0.545833 0.029687 0.044444
