0 0.607031 0.669444 0.268750 0.175000
0 0.172656 0.598611 0.046875 0.069444
0 0.760156 0.559028 0.065625 0.059722
0 0.211719 0.575000 0.031250 0.030556
0 0.115234 0.593056 0.022656 0.044444
0 0.085547 0.587500 0.019531 0.038889
0 0.789844 0.544444 0.051562 0.052778
0 0.833984 0.547917 0.041406 0.045833
0 0.895312 0.536806 0.034375 0.040278
3 0.879297 0.529861 0.024219 0.045833
0 0.136328 0.585417 0.028906 0.048611
3 0.928125 0.525694 0.029687 0.034722
0 0.391016 0.570139 0.025781 0.029167
0 0.415234 0.561111 0.028906 0.033333
0 0.480469 0.562500 0.026562 0.038889
0 0.505078 0.559722 0.025781 0.036111
0 0.527344 0.561111 0.028125 0.033333
0 0.597266 0.559028 0.033594 0.034722
0 0.643750 0.552083 0.032813 0.037500
0 0.672266 0.552083 0.032031 0.034722
3 0.710156 0.545833 0.029687 0.044444
