0 0.798438 0.672222 0.285938 0.186111
0 0.194922 0.604167 0.058594 0.083333
0 0.789453 0.544444 0.046094 0.041667
0 0.228516 0.576389 0.035156 0.030556
0 0.121484 0.594444 0.022656 0.047222
0 0.088672 0.590278 0.019531 0.033333
0 0.819922 0.553472 0.058594 0.054167
0 0.895312 0.536806 0.034375 0.040278
3 0.879297 0.529861 0.024219 0.045833
0 0.143359 0.584028 0.035156 0.045833
3 0.928125 0.525694 0.029687 0.034722
3 0.745313 0.543056 0.046875 0.047222
0 0.953125 0.530556 0.023438 0.033333
0 0.391016 0.570139 0.025781 0.029167
0 0.415234 0.561111 0.028906 0.033333
0 0.480469 0.562500 0.026562 0.038889
0 0.505078 0.559722 0.025781 0.036111
0 0.527344 0.561111 0.028125 0.033333
0 0.597266 0.559028 0.033594 0.034722
0 0.643750 0.552083 0.032813 0.037500
0 0.672266 0.552083 0.032031 0.034722
3 0.710156 0.545833 0.029687 0.044444
