0 0.935547 0.656250 0.128906 0.195833
0 0.222656 0.611806 0.070312 0.090278
0 0.789453 0.544444 0.046094 0.041667
0 0.130859 0.595139 0.030469 0.048611
0 0.091797 0.592361 0.025781 0.037500
0 0.895312 0.536806 0.034375 0.040278
0 0.153516 0.584028 0.036719 0.045833
3 0.928125 0.525694 0.029687 0.034722
3 0.745313 0.543056 0.046875 0.047222
0 0.831641 0.547222 0.035156 0.041667
0 0.870703 0.544444 0.044531 0.047222
0 0.953125 0.527083 0.026562 0.034722
0 0.110547 0.585417 0.017969 0.029167
0 0.391016 0.570139 0.025781 0.029167
0 0.415234 0.561111 0.028906 0.033333
0 0.480469 0.562500 0.026562 0.038889
0 0.505078 0.559722 0.025781 0.036111
0 0.527344 0.561111 0.028125 0.033333
0 0.597266 0.559028 0.033594 0.034722
0 0.643750 0.552083 0.032813 0.037500
0 0.672266 0.552083 0.032031 0.034722
3 0.710156 0.545833 0.029687 0.044444
