0 0.263672 0.616667 0.086719 0.100000
0 0.789453 0.544444 0.046094 0.041667
0 0.142187 0.596528 0.035937 0.051389
0 0.098828 0.592361 0.025781 0.037500
0 0.908203 0.545833 0.046094 0.050000
0 0.161719 0.581250 0.034375 0.051389
3 0.928125 0.525694 0.029687 0.034722
3 0.745313 0.543056 0.046875 0.047222
0 0.833984 0.547222 0.039844 0.041667
0 0.953125 0.527083 0.026562 0.034722
0 0.114453 0.585417 0.017969 0.029167
3 0.877734 0.528472 0.027344 0.043056
0 0.077734 0.588889 0.014844 0.030556
0 0.391016 0.570139 0.025781 0.029167
0 0.415234 0.561111 0.028906 0.033333
0 0.480469 0.562500 0.026562 0.038889
0 0.505078 0.559722 0.025781 0.036111
0 0.527344 0.561111 0.028125 0.033333
0 0.597266 0.559028 0.033594 0.034722
0 0.643750 0.552083 0.032813 0.037500
0 0.672266 0.552083 0.032031 0.034722
3 0.710156 0.545833 0.029687 0.044444
