0 0.789453 0.544444 0.046094 0.041667
0 0.413672 0.650000 0.150781 0.133333
0 0.176172 0.604861 0.067969 0.076389
0 0.312500 0.596528 0.101562 0.109722
3 0.928125 0.525694 0.029687 0.034722
3 0.745313 0.543056 0.046875 0.047222
0 0.833984 0.547222 0.039844 0.041667
0 0.953125 0.527083 0.026562 0.034722
3 0.877734 0.528472 0.027344 0.043056
0 0.112500 0.595833 0.026562 0.038889
0 0.896094 0.534722 0.035937 0.044444
0 0.500000 0.572917 0.073438 0.056944
0 0.128125 0.586806 0.020313 0.031944
0 0.083203 0.591667 0.017969 0.027778
0 0.391016 0.570139 0.025781 0.029167
0 0.415234 0.561111 0.028906 0.033333
0 0.527344 0.561111 0.028125 0.033333
0 0.597266 0.559028 0.033594 0.034722
0 0.643750 0.552083 0.032813 0.037500
0 0.672266 0.552083 0.032031 0.034722
3 0.710156 0.545833 0.029687 0.044444
