0 0.789453 0.544444 0.046094 0.041667
0 0.540625 0.657639 0.189062 0.162500
0 0.199609 0.609028 0.080469 0.081944
0 0.362891 0.596528 0.124219 0.118056
3 0.928125 0.525694 0.029687 0.034722
3 0.745313 0.543056 0.046875 0.047222
0 0.833984 0.547222 0.039844 0.041667
0 0.953125 0.527083 0.026562 0.034722
3 0.877734 0.528472 0.027344 0.043056
0 0.121094 0.597222 0.026562 0.038889
0 0.896094 0.534722 0.035937 0.044444
0 0.582812 0.571528 0.073438 0.056944
0 0.132812 0.588194 0.020313 0.031944
0 0.084766 0.592361 0.021094 0.029167
0 0.415234 0.561111 0.028906 0.033333
0 0.480469 0.562500 0.026562 0.038889
0 0.505078 0.559722 0.025781 0.036111
0 0.527344 0.561111 0.028125 0.033333
0 0.643750 0.552083 0.032813 0.037500
0 0.672266 0.552083 0.032031 0.034722
3 0.710156 0.545833 0.029687 0.044444
