0 0.789453 0.544444 0.046094 0.041667
0 0.720313 0.675000 0.210938 0.172222
0 0.233594 0.618056 0.100000 0.102778
0 0.422656 0.602083 0.156250 0.131944
3 0.928125 0.525694 0.029687 0.034722
3 0.745313 0.543056 0.046875 0.047222
0 0.833984 0.547222 0.039844 0.041667
0 0.953125 0.527083 0.026562 0.034722
3 0.877734 0.528472 0.027344 0.043056
0 0.130078 0.602083 0.028906 0.045833
0 0.896094 0.534722 0.035937 0.044444
0 0.671875 0.565972 0.073438 0.056944
0 0.141406 0.589583 0.020313 0.031944
0 0.087891 0.593750 0.021094 0.029167
0 0.178516 0.588889 0.033594 0.055556
0 0.480469 0.562500 0.026562 0.038889
0 0.505078 0.559722 0.025781 0.036111
0 0.527344 0.561111 0.028125 0.033333
0 0.597266 0.559028 0.033594 0.034722
3 0.710156 0.545833 0.029687 0.044444
