0 0.789453 0.544444 0.046094 0.041667
0 0.910547 0.660417 0.178906 0.184722
0 0.273438 0.623611 0.123438 0.116667
0 0.503516 0.610417 0.185156 0.140278
3 0.928125 0.525694 0.029687 0.034722
0 0.833984 0.547222 0.039844 0.041667
0 0.953125 0.527083 0.026562 0.034722
3 0.877734 0.528472 0.027344 0.043056
0 0.141406 0.597222 0.040625 0.044444
0 0.896094 0.534722 0.035937 0.044444
0 0.750000 0.561111 0.067187 0.055556
0 0.096094 0.595139 0.025000 0.031944
0 0.198828 0.588889 0.041406 0.058333
0 0.391016 0.570139 0.025781 0.029167
0 0.597266 0.559028 0.033594 0.034722
0 0.643750 0.552083 0.032813 0.037500
0 0.672266 0.552083 0.032031 0.034722
3 0.710156 0.545833 0.029687 0.044444
