0 0.789453 0.544444 0.046094 0.041667
0 0.337500 0.636111 0.164062 0.144444
0 0.605078 0.610417 0.207031 0.148611
3 0.928125 0.525694 0.029687 0.034722
0 0.953125 0.527083 0.026562 0.034722
3 0.877734 0.528472 0.027344 0.043056
0 0.153906 0.601389 0.045312 0.050000
0 0.896094 0.534722 0.035937 0.044444
0 0.101562 0.595833 0.026562 0.033333
0 0.223047 0.590972 0.058594 0.062500
0 0.818359 0.552083 0.057031 0.051389
0 0.119922 0.589583 0.017969 0.034722
3 0.745313 0.547917 0.043750 0.045833
0 0.391016 0.570139 0.025781 0.029167
0 0.415234 0.561111 0.028906 0.033333
0 0.480469 0.562500 0.026562 0.038889
0 0.505078 0.559722 0.025781 0.036111
0 0.672266 0.552083 0.032031 0.034722
3 0.710156 0.545833 0.029687 0.044444
