0 0.789453 0.544444 0.046094 0.041667
0 0.432812 0.656944 0.215625 0.177778
0 0.728516 0.609028 0.216406 0.162500
3 0.928125 0.525694 0.029687 0.034722
0 0.953125 0.527083 0.026562 0.034722
0 0.172266 0.603472 0.047656 0.056944
0 0.896094 0.534722 0.035937 0.044444
0 0.110937 0.598611 0.026562 0.033333
0 0.248828 0.596528 0.071094 0.070833
0 0.875391 0.549306 0.055469 0.043056
0 0.126172 0.589583 0.017969 0.034722
0 0.831641 0.545833 0.036719 0.050000
3 0.328516 0.571528 0.080469 0.065278
3 0.072656 0.582639 0.015625 0.029167
0 0.415234 0.561111 0.028906 0.033333
0 0.480469 0.562500 0.026562 0.038889
0 0.505078 0.559722 0.025781 0.036111
0 0.527344 0.561111 0.028125 0.033333
0 0.597266 0.559028 0.033594 0.034722
