0 0.564453 0.664583 0.288281 0.215278
0 0.852344 0.596528 0.195312 0.168056
3 0.928125 0.525694 0.029687 0.034722
0 0.953125 0.527083 0.026562 0.034722
0 0.193750 0.609028 0.059375 0.065278
0 0.117969 0.603472 0.031250 0.043056
0 0.280469 0.597222 0.079687 0.075000
0 0.131641 0.589583 0.017969 0.034722
3 0.383594 0.572917 0.089063 0.065278
3 0.075000 0.582639 0.015625 0.029167
0 0.921094 0.546528 0.040625 0.045833
3 0.746094 0.548611 0.045312 0.041667
0 0.480469 0.562500 0.026562 0.038889
0 0.505078 0.559722 0.025781 0.036111
0 0.597266 0.559028 0.033594 0.034722
0 0.643750 0.552083 0.032813 0.037500
0 0.672266 0.552083 0.032031 0.034722
3 0.710156 0.545833 0.029687 0.044444
