0 0.739844 0.666667 0.320312 0.230556
0 0.944141 0.602778 0.111719 0.200000
0 0.221484 0.613194 0.071094 0.070833
0 0.128516 0.600694 0.036719 0.051389
0 0.320312 0.600000 0.100000 0.094444
3 0.441797 0.570139 0.097656 0.068056
3 0.075000 0.582639 0.015625 0.029167
3 0.877344 0.527083 0.021875 0.043056
0 0.789844 0.543750 0.051562 0.048611
0 0.833203 0.545139 0.039844 0.045833
0 0.391016 0.570139 0.025781 0.029167
0 0.415234 0.561111 0.028906 0.033333
0 0.505078 0.559722 0.025781 0.036111
0 0.527344 0.561111 0.028125 0.033333
0 0.597266 0.559028 0.033594 0.034722
0 0.643750 0.552083 0.032813 0.037500
0 0.672266 0.552083 0.032031 0.034722
3 0.710156 0.545833 0.029687 0.044444
