0 0.907031 0.655556 0.185938 0.238889
0 0.255859 0.615972 0.089844 0.084722
0 0.141016 0.601389 0.038281 0.050000
0 0.376172 0.604167 0.117969 0.105556
3 0.509375 0.565278 0.101562 0.077778
3 0.077344 0.585417 0.020313 0.034722
3 0.877344 0.527083 0.021875 0.043056
0 0.789844 0.543750 0.051562 0.048611
0 0.833203 0.545139 0.039844 0.045833
3 0.744141 0.546528 0.041406 0.045833
0 0.102734 0.586111 0.014844 0.027778
0 0.213672 0.594444 0.041406 0.050000
0 0.415234 0.561111 0.028906 0.033333
0 0.597266 0.559028 0.033594 0.034722
0 0.643750 0.552083 0.032813 0.037500
0 0.672266 0.552083 0.032031 0.034722
3 0.710156 0.545833 0.029687 0.044444
