0 0.303516 0.630556 0.110156 0.102778
0 0.156641 0.604861 0.049219 0.056944
0 0.449219 0.610417 0.148438 0.123611
3 0.575781 0.566667 0.101562 0.077778
3 0.081250 0.582639 0.017188 0.037500
3 0.877344 0.527083 0.021875 0.043056
0 0.789844 0.543750 0.051562 0.048611
0 0.833203 0.545139 0.039844 0.045833
3 0.744141 0.546528 0.041406 0.045833
0 0.104688 0.588889 0.018750 0.033333
0 0.241797 0.595833 0.049219 0.058333
0 0.951953 0.531250 0.025781 0.034722
3 0.926953 0.526389 0.025781 0.033333
0 0.897656 0.536111 0.035937 0.036111
0 0.123828 0.588194 0.021094 0.029167
2 0.051172 0.576389 0.016406 0.041667
0 0.480469 0.562500 0.026562 0.038889
0 0.505078 0.559722 0.025781 0.036111
0 0.643750 0.552083 0.032813 0.037500
0 0.672266 0.552083 0.032031 0.034722
3 0.710156 0.545833 0.029687 0.044444
