0 0.370312 0.646528 0.145313 0.129167
0 0.172656 0.607639 0.060937 0.065278
0 0.544141 0.618750 0.180469 0.137500
3 0.642188 0.558333 0.101562 0.077778
3 0.088672 0.585417 0.016406 0.043056
3 0.877344 0.527083 0.021875 0.043056
0 0.789844 0.543750 0.051562 0.048611
0 0.833203 0.545139 0.039844 0.045833
3 0.744141 0.546528 0.041406 0.045833
0 0.107813 0.588889 0.018750 0.033333
0 0.273828 0.600000 0.067969 0.066667
0 0.951953 0.531250 0.025781 0.034722
3 0.926953 0.526389 0.025781 0.033333
0 0.897656 0.536111 0.035937 0.036111
0 0.129297 0.583333 0.027344 0.038889
2 0.051953 0.579861 0.017969 0.048611
0 0.391016 0.570139 0.025781 0.029167
0 0.415234 0.561111 0.028906 0.033333
0 0.597266 0.559028 0.033594 0.034722
3 0.710156 0.545833 0.029687 0.044444
