0 0.458594 0.656944 0.190625 0.152778
0 0.198828 0.618056 0.067969 0.077778
0 0.669531 0.622222 0.206250 0.152778
3 0.712500 0.552083 0.092188 0.065278
3 0.092969 0.585417 0.018750 0.043056
3 0.877344 0.527083 0.021875 0.043056
0 0.789844 0.543750 0.051562 0.048611
0 0.833203 0.545139 0.039844 0.045833
0 0.114062 0.588889 0.018750 0.033333
0 0.318750 0.605556 0.082812 0.080556
0 0.951953 0.531250 0.025781 0.034722
3 0.926953 0.526389 0.025781 0.033333
0 0.897656 0.536111 0.035937 0.036111
0 0.134766 0.586806 0.027344 0.045833
2 0.051953 0.579861 0.017969 0.048611
0 0.391016 0.570139 0.025781 0.029167
0 0.415234 0.561111 0.028906 0.033333
0 0.480469 0.562500 0.026562 0.038889
0 0.505078 0.559722 0.025781 0.036111
0 0.527344 0.561111 0.028125 0.033333
