0 0.587500 0.661806 0.240625 0.170833
0 0.223047 0.619444 0.083594 0.086111
0 0.807813 0.618056 0.206250 0.152778
3 0.096875 0.586111 0.021875 0.044444
3 0.877344 0.527083 0.021875 0.043056
0 0.833203 0.545139 0.039844 0.045833
0 0.117969 0.588889 0.018750 0.033333
0 0.373047 0.611111 0.105469 0.086111
0 0.951953 0.531250 0.025781 0.034722
3 0.926953 0.526389 0.025781 0.033333
0 0.897656 0.536111 0.035937 0.036111
0 0.141797 0.588194 0.027344 0.045833
2 0.054297 0.574306 0.022656 0.059722
0 0.177734 0.594444 0.035156 0.047222
0 0.391016 0.570139 0.025781 0.029167
0 0.415234 0.561111 0.028906 0.033333
0 0.480469 0.562500 0.026562 0.038889
0 0.505078 0.559722 0.025781 0.036111
0 0.527344 0.561111 0.028125 0.033333
0 0.597266 0.559028 0.033594 0.034722
0 0.643750 0.552083 0.032813 0.037500
0 0.672266 0.552083 0.032031 0.034722
3 0.710156 0.545833 0.029687 0.044444
