0 0.748437 0.666667 0.262500 0.175000
0 0.262109 0.627083 0.103906 0.104167
0 0.930078 0.620833 0.139844 0.155556
3 0.105469 0.587500 0.021875 0.044444
3 0.817578 0.548611 0.080469 0.069444
0 0.449219 0.616667 0.137500 0.105556
0 0.149219 0.586806 0.034375 0.045833
2 0.054297 0.574306 0.022656 0.059722
0 0.192969 0.594444 0.040625 0.047222
0 0.391016 0.570139 0.025781 0.029167
0 0.415234 0.561111 0.028906 0.033333
0 0.480469 0.562500 0.026562 0.038889
0 0.505078 0.559722 0.025781 0.036111
0 0.527344 0.561111 0.028125 0.033333
0 0.597266 0.559028 0.033594 0.034722
0 0.643750 0.552083 0.032813 0.037500
0 0.672266 0.552083 0.032031 0.034722
3 0.710156 0.545833 0.029687 0.044444
