0 0.904687 0.659722 0.190625 0.177778
0 0.312109 0.634028 0.138281 0.126389
3 0.110547 0.588194 0.032031 0.045833
3 0.863672 0.542361 0.074219 0.065278
0 0.547266 0.615972 0.157031 0.118056
0 0.155859 0.586806 0.035156 0.045833
2 0.056250 0.575000 0.026562 0.061111
0 0.211719 0.593750 0.043750 0.048611
0 0.951953 0.529167 0.024219 0.036111
0 0.789453 0.545833 0.050781 0.047222
3 0.746094 0.546528 0.043750 0.051389
0 0.831641 0.546528 0.032031 0.043056
3 0.925000 0.527778 0.028125 0.041667
0 0.391016 0.570139 0.025781 0.029167
0 0.415234 0.561111 0.028906 0.033333
0 0.480469 0.562500 0.026562 0.038889
0 0.505078 0.559722 0.025781 0.036111
0 0.527344 0.561111 0.028125 0.033333
0 0.597266 0.559028 0.033594 0.034722
0 0.643750 0.552083 0.032813 0.037500
0 0.672266 0.552083 0.032031 0.034722
3 0.710156 0.545833 0.029687 0.044444
