0 0.383984 0.649306 0.175781 0.143056
3 0.123438 0.583333 0.031250 0.055556
3 0.906641 0.538194 0.071094 0.065278
0 0.676953 0.625694 0.182031 0.131944
0 0.165234 0.586806 0.035156 0.045833
2 0.060156 0.577083 0.031250 0.065278
0 0.232813 0.597917 0.056250 0.056944
0 0.951953 0.529167 0.024219 0.036111
0 0.789453 0.545833 0.050781 0.047222
3 0.746094 0.546528 0.043750 0.051389
0 0.833984 0.545139 0.036719 0.045833
0 0.391016 0.570139 0.025781 0.029167
0 0.415234 0.561111 0.028906 0.033333
0 0.480469 0.562500 0.026562 0.038889
0 0.505078 0.559722 0.025781 0.036111
0 0.527344 0.561111 0.028125 0.033333
0 0.597266 0.559028 0.033594 0.034722
0 0.643750 0.552083 0.032813 0.037500
0 0.672266 0.552083 0.032031 0.034722
3 0.710156 0.545833 0.029687 0.044444
