3 0.746094 0.547222 0.040625 0.047222
0 0.789453 0.546528 0.047656 0.043056
0 0.833984 0.547917 0.041406 0.040278
0 0.912891 0.538194 0.039844 0.040278
0 0.950781 0.529861 0.028125 0.029167
0 0.395703 0.632639 0.182031 0.137500
0 0.354687 0.725000 0.248438 0.230556
0 0.128906 0.597917 0.032813 0.051389
0 0.201563 0.612500 0.065625 0.066667
3 0.180078 0.569444 0.050781 0.063889
0 0.480469 0.562500 0.026562 0.038889
0 0.505078 0.559722 0.025781 0.036111
0 0.597266 0.559028 0.033594 0.034722
0 0.643750 0.552083 0.032813 0.037500
0 0.672266 0.552083 0.032031 0.034722
3 0.710156 0.545833 0.029687 0.044444
