2 0.051953 0.580556 0.022656 0.047222
0 0.267188 0.580556 0.043750 0.047222
0 0.436328 0.578472 0.075781 0.051389
0 0.343359 0.575694 0.044531 0.043056
3 0.744141 0.545139 0.038281 0.048611
0 0.223047 0.579167 0.025781 0.033333
0 0.784375 0.568056 0.106250 0.086111
0 0.948438 0.535417 0.031250 0.040278
0 0.083594 0.596528 0.050000 0.054167
0 0.116406 0.582639 0.018750 0.026389
0 0.305078 0.574306 0.042969 0.043056
0 0.911719 0.538889 0.040625 0.036111
0 0.391016 0.570139 0.025781 0.029167
0 0.480469 0.562500 0.026562 0.038889
0 0.505078 0.559722 0.025781 0.036111
0 0.527344 0.561111 0.028125 0.033333
0 0.597266 0.559028 0.033594 0.034722
0 0.643750 0.552083 0.032813 0.037500
0 0.672266 0.552083 0.032031 0.034722
3 0.710156 0.545833 0.029687 0.044444
