0 0.234375 0.581944 0.037500 0.041667
0 0.391797 0.577083 0.066406 0.048611
0 0.313672 0.577083 0.025781 0.040278
0 0.711719 0.567361 0.115625 0.087500
0 0.948438 0.535417 0.031250 0.040278
0 0.116406 0.582639 0.018750 0.026389
0 0.279297 0.575000 0.041406 0.047222
0 0.911719 0.538889 0.040625 0.036111
0 0.054297 0.597917 0.041406 0.056944
0 0.092969 0.586111 0.021875 0.027778
0 0.210156 0.577778 0.021875 0.030556
0 0.790234 0.546528 0.050781 0.043056
0 0.831641 0.543750 0.039844 0.048611
0 0.480469 0.562500 0.026562 0.038889
0 0.505078 0.559722 0.025781 0.036111
0 0.527344 0.561111 0.028125 0.033333
0 0.643750 0.552083 0.032813 0.037500
