0 0.211328 0.579861 0.032031 0.040278
0 0.355078 0.580556 0.060156 0.044444
0 0.642969 0.568750 0.115625 0.087500
0 0.116406 0.582639 0.018750 0.026389
0 0.257812 0.577778 0.034375 0.041667
0 0.092969 0.586111 0.021875 0.027778
0 0.790234 0.546528 0.050781 0.043056
0 0.831641 0.543750 0.039844 0.048611
0 0.030859 0.597917 0.033594 0.051389
2 0.052344 0.576389 0.018750 0.047222
0 0.074219 0.588194 0.015625 0.026389
0 0.283984 0.573611 0.021094 0.036111
3 0.743750 0.545139 0.045312 0.048611
0 0.946484 0.554861 0.100781 0.104167
0 0.880859 0.566667 0.069531 0.072222
0 0.391016 0.570139 0.025781 0.029167
0 0.415234 0.561111 0.028906 0.033333
0 0.480469 0.562500 0.026562 0.038889
0 0.505078 0.559722 0.025781 0.036111
0 0.527344 0.561111 0.028125 0.033333
3 0.710156 0.545833 0.029687 0.044444
