0 0.194141 0.578472 0.028906 0.043056
0 0.325391 0.577778 0.053906 0.050000
0 0.572266 0.570833 0.100781 0.077778
0 0.116406 0.582639 0.018750 0.026389
0 0.241797 0.575694 0.035156 0.040278
0 0.092969 0.586111 0.021875 0.027778
2 0.052344 0.576389 0.018750 0.047222
0 0.074219 0.588194 0.015625 0.026389
3 0.743750 0.545139 0.045312 0.048611
0 0.874219 0.558333 0.117188 0.088889
0 0.797266 0.570139 0.092969 0.073611
0 0.950391 0.535417 0.035156 0.045833
0 0.391016 0.570139 0.025781 0.029167
0 0.415234 0.561111 0.028906 0.033333
0 0.480469 0.562500 0.026562 0.038889
0 0.505078 0.559722 0.025781 0.036111
0 0.643750 0.552083 0.032813 0.037500
3 0.710156 0.545833 0.029687 0.044444
