0 0.178516 0.578472 0.027344 0.034722
0 0.298438 0.580556 0.048438 0.041667
0 0.514844 0.570139 0.095312 0.073611
0 0.116406 0.582639 0.018750 0.026389
0 0.228516 0.577778 0.030469 0.033333
0 0.092969 0.586111 0.021875 0.027778
2 0.052344 0.576389 0.018750 0.047222
0 0.074219 0.588194 0.015625 0.026389
0 0.792188 0.561111 0.125000 0.102778
0 0.707422 0.570833 0.103906 0.066667
0 0.950391 0.535417 0.035156 0.045833
0 0.910937 0.538889 0.039062 0.038889
0 0.391016 0.570139 0.025781 0.029167
0 0.415234 0.561111 0.028906 0.033333
0 0.597266 0.559028 0.033594 0.034722
0 0.643750 0.552083 0.032813 0.037500
