0 0.164062 0.579167 0.021875 0.027778
0 0.275781 0.577778 0.043750 0.041667
0 0.461328 0.570139 0.086719 0.073611
0 0.116406 0.582639 0.018750 0.026389
0 0.216016 0.576389 0.030469 0.036111
0 0.092969 0.586111 0.021875 0.027778
2 0.052344 0.576389 0.018750 0.047222
0 0.074219 0.588194 0.015625 0.026389
0 0.721094 0.563889 0.125000 0.102778
0 0.620703 0.568056 0.096094 0.061111
0 0.950391 0.535417 0.035156 0.045833
0 0.910937 0.538889 0.039062 0.038889
0 0.794141 0.541667 0.041406 0.044444
0 0.833594 0.548611 0.042188 0.044444
0 0.391016 0.570139 0.025781 0.029167
0 0.415234 0.561111 0.028906 0.033333
0 0.527344 0.561111 0.028125 0.033333
