0 0.153125 0.577778 0.018750 0.030556
0 0.255078 0.580556 0.038281 0.038889
0 0.419141 0.572222 0.082031 0.069444
0 0.116406 0.582639 0.018750 0.026389
0 0.202734 0.577778 0.030469 0.038889
0 0.092969 0.586111 0.021875 0.027778
2 0.052344 0.576389 0.018750 0.047222
0 0.074219 0.588194 0.015625 0.026389
0 0.642969 0.569444 0.117188 0.083333
0 0.540234 0.568056 0.085156 0.058333
0 0.950391 0.535417 0.035156 0.045833
0 0.910937 0.538889 0.039062 0.038889
0 0.794141 0.541667 0.041406 0.044444
0 0.833594 0.548611 0.042188 0.044444
3 0.744531 0.546528 0.046875 0.048611
0 0.480469 0.562500 0.026562 0.038889
0 0.505078 0.559722 0.025781 0.036111
3 0.710156 0.545833 0.029687 0.044444
