0 0.239844 0.581250 0.034375 0.037500
0 0.380078 0.572917 0.063281 0.068056
0 0.116406 0.582639 0.018750 0.026389
0 0.193359 0.580556 0.027344 0.033333
0 0.092969 0.586111 0.021875 0.027778
2 0.052344 0.576389 0.018750 0.047222
0 0.074219 0.588194 0.015625 0.026389
0 0.574219 0.565278 0.117188 0.083333
0 0.480859 0.566667 0.085156 0.058333
0 0.950391 0.535417 0.035156 0.045833
0 0.910937 0.538889 0.039062 0.038889
0 0.794141 0.541667 0.041406 0.044444
0 0.833594 0.548611 0.042188 0.044444
3 0.744531 0.546528 0.046875 0.048611
0 0.415234 0.561111 0.028906 0.033333
0 0.505078 0.559722 0.025781 0.036111
0 0.643750 0.552083 0.032813 0.037500
0 0.672266 0.552083 0.032031 0.034722
3 0.710156 0.545833 0.029687 0.044444
