0 0.223828 0.581250 0.036719 0.031944
0 0.347266 0.573611 0.057031 0.055556
0 0.116406 0.582639 0.018750 0.026389
0 0.183594 0.576389 0.023438 0.033333
0 0.092969 0.586111 0.021875 0.027778
2 0.052344 0.576389 0.018750 0.047222
0 0.074219 0.588194 0.015625 0.026389
0 0.507812 0.568056 0.104688 0.077778
0 0.422656 0.575694 0.067187 0.045833
0 0.910937 0.538889 0.039062 0.038889
0 0.794141 0.541667 0.041406 0.044444
0 0.833594 0.548611 0.042188 0.044444
3 0.744531 0.546528 0.046875 0.048611
0 0.933203 0.570833 0.114844 0.119444
0 0.391016 0.570139 0.025781 0.029167
0 0.597266 0.559028 0.033594 0.034722
0 0.643750 0.552083 0.032813 0.037500
0 0.672266 0.552083 0.032031 0.034722
3 0.710156 0.545833 0.029687 0.044444
