0 0.209375 0.579861 0.031250 0.034722
0 0.319141 0.569444 0.057031 0.055556
0 0.116406 0.582639 0.018750 0.026389
0 0.175000 0.575000 0.018750 0.033333
0 0.092969 0.586111 0.021875 0.027778
2 0.052344 0.576389 0.018750 0.047222
0 0.074219 0.588194 0.015625 0.026389
0 0.455859 0.570139 0.096094 0.070833
0 0.372266 0.575694 0.058594 0.043056
0 0.794141 0.541667 0.041406 0.044444
3 0.744531 0.546528 0.046875 0.048611
0 0.831250 0.579861 0.134375 0.120833
0 0.948828 0.537500 0.035156 0.041667
0 0.505078 0.559722 0.025781 0.036111
0 0.527344 0.561111 0.028125 0.033333
0 0.597266 0.559028 0.033594 0.034722
0 0.672266 0.552083 0.032031 0.034722
3 0.710156 0.545833 0.029687 0.044444
