0 0.199609 0.577778 0.028906 0.030556
0 0.295312 0.572917 0.050000 0.051389
0 0.116406 0.582639 0.018750 0.026389
0 0.092969 0.586111 0.021875 0.027778
2 0.052344 0.576389 0.018750 0.047222
0 0.074219 0.588194 0.015625 0.026389
0 0.411719 0.571528 0.084375 0.068056
0 0.336719 0.575000 0.050000 0.030556
0 0.948828 0.537500 0.035156 0.041667
0 0.711719 0.590972 0.150000 0.093056
0 0.800391 0.570833 0.072656 0.072222
0 0.834375 0.548611 0.035937 0.041667
0 0.911719 0.538889 0.042188 0.038889
0 0.480469 0.562500 0.026562 0.038889
0 0.505078 0.559722 0.025781 0.036111
0 0.527344 0.561111 0.028125 0.033333
0 0.597266 0.559028 0.033594 0.034722
0 0.672266 0.552083 0.032031 0.034722
