0 0.188281 0.579167 0.023438 0.025000
0 0.275391 0.572917 0.041406 0.048611
0 0.116406 0.582639 0.018750 0.026389
0 0.092969 0.586111 0.021875 0.027778
2 0.052344 0.576389 0.018750 0.047222
0 0.074219 0.588194 0.015625 0.026389
0 0.371484 0.571528 0.072656 0.062500
0 0.308984 0.577083 0.036719 0.029167
0 0.948828 0.537500 0.035156 0.041667
0 0.590234 0.596528 0.141406 0.098611
0 0.703906 0.577778 0.089063 0.075000
0 0.834375 0.548611 0.035937 0.041667
0 0.911719 0.538889 0.042188 0.038889
0 0.789844 0.545833 0.054688 0.052778
0 0.415234 0.561111 0.028906 0.033333
0 0.480469 0.562500 0.026562 0.038889
0 0.505078 0.559722 0.025781 0.036111
0 0.527344 0.561111 0.028125 0.033333
