0 0.256641 0.574306 0.036719 0.040278
0 0.116406 0.582639 0.018750 0.026389
0 0.092969 0.586111 0.021875 0.027778
2 0.052344 0.576389 0.018750 0.047222
0 0.074219 0.588194 0.015625 0.026389
0 0.338281 0.570833 0.067187 0.058333
0 0.283203 0.577778 0.022656 0.030556
0 0.948828 0.537500 0.035156 0.041667
0 0.484766 0.596528 0.141406 0.098611
0 0.615234 0.572222 0.100781 0.075000
0 0.834375 0.548611 0.035937 0.041667
0 0.911719 0.538889 0.042188 0.038889
0 0.789844 0.545833 0.054688 0.052778
3 0.743359 0.545833 0.038281 0.047222
0 0.391016 0.570139 0.025781 0.029167
0 0.415234 0.561111 0.028906 0.033333
0 0.672266 0.552083 0.032031 0.034722
3 0.710156 0.545833 0.029687 0.044444
