0 0.239063 0.572917 0.034375 0.043056
0 0.116406 0.582639 0.018750 0.026389
0 0.092969 0.586111 0.021875 0.027778
2 0.052344 0.576389 0.018750 0.047222
0 0.074219 0.588194 0.015625 0.026389
0 0.314844 0.573611 0.067187 0.058333
0 0.948828 0.537500 0.035156 0.041667
0 0.386719 0.600694 0.125000 0.093056
0 0.542578 0.577778 0.088281 0.063889
0 0.834375 0.548611 0.035937 0.041667
0 0.911719 0.538889 0.042188 0.038889
0 0.789844 0.545833 0.054688 0.052778
3 0.743359 0.545833 0.038281 0.047222
0 0.480469 0.562500 0.026562 0.038889
0 0.505078 0.559722 0.025781 0.036111
0 0.597266 0.559028 0.033594 0.034722
0 0.643750 0.552083 0.032813 0.037500
0 0.672266 0.552083 0.032031 0.034722
3 0.710156 0.545833 0.029687 0.044444
