0 0.116406 0.582639 0.018750 0.026389
0 0.092969 0.586111 0.021875 0.027778
2 0.052344 0.576389 0.018750 0.047222
0 0.074219 0.588194 0.015625 0.026389
0 0.194531 0.595833 0.065625 0.069444
0 0.392188 0.578472 0.070312 0.056944
0 0.789844 0.545833 0.054688 0.052778
3 0.743359 0.545833 0.038281 0.047222
0 0.829297 0.572917 0.102344 0.076389
0 0.248828 0.575000 0.042969 0.050000
0 0.911719 0.539583 0.037500 0.037500
0 0.948828 0.538889 0.036719 0.038889
0 0.480469 0.562500 0.026562 0.038889
0 0.505078 0.559722 0.025781 0.036111
0 0.527344 0.561111 0.028125 0.033333
0 0.597266 0.559028 0.033594 0.034722
0 0.643750 0.552083 0.032813 0.037500
0 0.672266 0.552083 0.032031 0.034722
3 0.710156 0.545833 0.029687 0.044444
