0 0.092969 0.586111 0.021875 0.027778
2 0.052344 0.576389 0.018750 0.047222
0 0.074219 0.588194 0.015625 0.026389
0 0.120313 0.597917 0.057813 0.056944
0 0.326172 0.580556 0.055469 0.038889
0 0.789844 0.545833 0.054688 0.052778
0 0.627734 0.574306 0.102344 0.076389
0 0.226562 0.574306 0.031250 0.043056
0 0.909375 0.539583 0.042188 0.037500
0 0.833984 0.545139 0.036719 0.040278
3 0.745703 0.543750 0.044531 0.051389
0 0.391016 0.570139 0.025781 0.029167
0 0.415234 0.561111 0.028906 0.033333
0 0.480469 0.562500 0.026562 0.038889
0 0.505078 0.559722 0.025781 0.036111
0 0.527344 0.561111 0.028125 0.033333
3 0.710156 0.545833 0.029687 0.044444
