2 0.052344 0.576389 0.018750 0.047222
0 0.087500 0.594444 0.042188 0.052778
0 0.298828 0.577083 0.050781 0.043056
0 0.789844 0.545833 0.054688 0.052778
0 0.539453 0.575694 0.091406 0.068056
0 0.213672 0.574306 0.033594 0.040278
0 0.833984 0.545139 0.036719 0.040278
3 0.745703 0.543750 0.044531 0.051389
0 0.116406 0.584028 0.018750 0.026389
2 0.936719 0.529861 0.114062 0.184722
0 0.391016 0.570139 0.025781 0.029167
0 0.415234 0.561111 0.028906 0.033333
0 0.480469 0.562500 0.026562 0.038889
0 0.597266 0.559028 0.033594 0.034722
0 0.643750 0.552083 0.032813 0.037500
0 0.672266 0.552083 0.032031 0.034722
3 0.710156 0.545833 0.029687 0.044444
