3 0.746094 0.547222 0.040625 0.047222
0 0.789453 0.546528 0.047656 0.043056
0 0.833984 0.547917 0.041406 0.040278
0 0.912891 0.538194 0.039844 0.040278
0 0.950781 0.529861 0.028125 0.029167
0 0.508594 0.656944 0.232813 0.177778
0 0.769922 0.795139 0.453906 0.329167
0 0.142969 0.600694 0.046875 0.056944
0 0.239844 0.612500 0.082812 0.077778
3 0.208984 0.574306 0.053906 0.076389
0 0.505078 0.559722 0.025781 0.036111
0 0.597266 0.559028 0.033594 0.034722
0 0.643750 0.552083 0.032813 0.037500
0 0.672266 0.552083 0.032031 0.034722
3 0.710156 0.545833 0.029687 0.044444
