2 0.052344 0.576389 0.018750 0.047222
0 0.059766 0.600000 0.039844 0.047222
0 0.276953 0.581250 0.042969 0.040278
0 0.782813 0.545139 0.040625 0.051389
0 0.467187 0.577083 0.082812 0.056944
0 0.202734 0.574306 0.028906 0.040278
3 0.745703 0.543750 0.044531 0.051389
0 0.116406 0.584028 0.018750 0.026389
2 0.896875 0.537500 0.193750 0.200000
0 0.093750 0.586111 0.020313 0.030556
0 0.391016 0.570139 0.025781 0.029167
0 0.415234 0.561111 0.028906 0.033333
0 0.527344 0.561111 0.028125 0.033333
0 0.597266 0.559028 0.033594 0.034722
0 0.643750 0.552083 0.032813 0.037500
0 0.672266 0.552083 0.032031 0.034722
3 0.710156 0.545833 0.029687 0.044444
