2 0.052344 0.576389 0.018750 0.047222
0 0.035937 0.600694 0.031250 0.043056
0 0.256250 0.577083 0.037500 0.040278
0 0.409766 0.577083 0.067969 0.054167
0 0.194531 0.572917 0.028125 0.034722
0 0.116406 0.584028 0.018750 0.026389
2 0.842578 0.541667 0.302344 0.208333
0 0.093750 0.586111 0.020313 0.030556
0 0.073828 0.587500 0.016406 0.038889
0 0.480469 0.562500 0.026562 0.038889
0 0.505078 0.559722 0.025781 0.036111
0 0.527344 0.561111 0.028125 0.033333
0 0.597266 0.559028 0.033594 0.034722
0 0.643750 0.552083 0.032813 0.037500
0 0.672266 0.552083 0.032031 0.034722
