2 0.052344 0.576389 0.018750 0.047222
0 0.224609 0.579861 0.033594 0.034722
0 0.317188 0.578472 0.054688 0.043056
0 0.179688 0.572917 0.021875 0.040278
0 0.116406 0.584028 0.018750 0.026389
2 0.659375 0.540278 0.321875 0.191667
0 0.093750 0.586111 0.020313 0.030556
0 0.073828 0.587500 0.016406 0.038889
0 0.833203 0.545833 0.044531 0.044444
0 0.910156 0.538889 0.046875 0.044444
0 0.946094 0.537500 0.035937 0.041667
0 0.391016 0.570139 0.025781 0.029167
0 0.415234 0.561111 0.028906 0.033333
0 0.480469 0.562500 0.026562 0.038889
