2 0.052344 0.576389 0.018750 0.047222
0 0.213672 0.580556 0.028906 0.033333
0 0.283984 0.577778 0.041406 0.044444
0 0.173047 0.572222 0.022656 0.027778
0 0.116406 0.584028 0.018750 0.026389
2 0.566406 0.547222 0.292187 0.180556
0 0.093750 0.586111 0.020313 0.030556
0 0.073828 0.587500 0.016406 0.038889
0 0.833203 0.545833 0.044531 0.044444
0 0.910156 0.538889 0.046875 0.044444
0 0.946094 0.537500 0.035937 0.041667
3 0.745313 0.547917 0.042188 0.045833
0 0.788281 0.546528 0.050000 0.051389
0 0.391016 0.570139 0.025781 0.029167
0 0.415234 0.561111 0.028906 0.033333
