2 0.052344 0.576389 0.018750 0.047222
0 0.255469 0.579167 0.039062 0.041667
0 0.166406 0.572917 0.018750 0.023611
0 0.116406 0.584028 0.018750 0.026389
2 0.478125 0.554861 0.275000 0.165278
0 0.093750 0.586111 0.020313 0.030556
0 0.073828 0.587500 0.016406 0.038889
0 0.833203 0.545833 0.044531 0.044444
3 0.745313 0.547917 0.042188 0.045833
0 0.788281 0.546528 0.050000 0.051389
0 0.198437 0.577778 0.025000 0.030556
0 0.924219 0.560417 0.101562 0.087500
0 0.643750 0.552083 0.032813 0.037500
0 0.672266 0.552083 0.032031 0.034722
3 0.710156 0.545833 0.029687 0.044444
