2 0.052344 0.576389 0.018750 0.047222
0 0.230078 0.577778 0.036719 0.036111
0 0.116406 0.584028 0.018750 0.026389
2 0.399219 0.557639 0.240625 0.162500
0 0.093750 0.586111 0.020313 0.030556
0 0.073828 0.587500 0.016406 0.038889
3 0.745313 0.547917 0.042188 0.045833
0 0.816406 0.565972 0.112500 0.095833
0 0.909766 0.538889 0.038281 0.044444
0 0.948047 0.535417 0.036719 0.048611
0 0.188672 0.580556 0.024219 0.030556
0 0.527344 0.561111 0.028125 0.033333
0 0.597266 0.559028 0.033594 0.034722
0 0.643750 0.552083 0.032813 0.037500
0 0.672266 0.552083 0.032031 0.034722
3 0.710156 0.545833 0.029687 0.044444
