3 0.746094 0.547222 0.040625 0.047222
0 0.789453 0.546528 0.047656 0.043056
0 0.833984 0.547917 0.041406 0.040278
0 0.912891 0.538194 0.039844 0.040278
0 0.950781 0.529861 0.028125 0.029167
0 0.590234 0.661111 0.272656 0.186111
0 0.916797 0.793056 0.160156 0.325000
0 0.154688 0.606250 0.046875 0.056944
0 0.258984 0.618056 0.091406 0.080556
3 0.221875 0.574306 0.059375 0.087500
0 0.458203 0.608333 0.122656 0.122222
0 0.391016 0.570139 0.025781 0.029167
0 0.597266 0.559028 0.033594 0.034722
0 0.643750 0.552083 0.032813 0.037500
0 0.672266 0.552083 0.032031 0.034722
3 0.710156 0.545833 0.029687 0.044444
