2 0.052344 0.576389 0.018750 0.047222
2 0.178516 0.565972 0.132031 0.098611
0 0.093750 0.586111 0.020313 0.030556
0 0.073828 0.587500 0.016406 0.038889
0 0.427734 0.574306 0.077344 0.062500
0 0.909766 0.538889 0.038281 0.044444
0 0.948047 0.535417 0.036719 0.048611
0 0.789062 0.545139 0.046875 0.045833
0 0.835547 0.546528 0.038281 0.045833
3 0.744922 0.545833 0.042969 0.055556
0 0.391016 0.570139 0.025781 0.029167
0 0.480469 0.562500 0.026562 0.038889
0 0.505078 0.559722 0.025781 0.036111
0 0.527344 0.561111 0.028125 0.033333
0 0.597266 0.559028 0.033594 0.034722
0 0.643750 0.552083 0.032813 0.037500
0 0.672266 0.552083 0.032031 0.034722
3 0.710156 0.545833 0.029687 0.044444
