2 0.052344 0.576389 0.018750 0.047222
2 0.110937 0.570833 0.103125 0.094444
0 0.319922 0.577083 0.055469 0.048611
0 0.789062 0.545139 0.046875 0.045833
3 0.744922 0.545833 0.042969 0.055556
0 0.198437 0.576389 0.025000 0.038889
0 0.862891 0.563889 0.108594 0.083333
0 0.947656 0.536111 0.034375 0.044444
0 0.391016 0.570139 0.025781 0.029167
0 0.415234 0.561111 0.028906 0.033333
0 0.480469 0.562500 0.026562 0.038889
0 0.505078 0.559722 0.025781 0.036111
0 0.527344 0.561111 0.028125 0.033333
0 0.597266 0.559028 0.033594 0.034722
0 0.643750 0.552083 0.032813 0.037500
0 0.672266 0.552083 0.032031 0.034722
3 0.710156 0.545833 0.029687 0.044444
