2 0.080469 0.575694 0.093750 0.084722
0 0.281250 0.577778 0.043750 0.047222
0 0.185938 0.575000 0.020313 0.033333
0 0.755469 0.568056 0.117188 0.091667
0 0.947656 0.536111 0.034375 0.044444
0 0.833203 0.547222 0.042969 0.047222
0 0.911328 0.538194 0.039844 0.043056
0 0.391016 0.570139 0.025781 0.029167
0 0.415234 0.561111 0.028906 0.033333
0 0.480469 0.562500 0.026562 0.038889
0 0.505078 0.559722 0.025781 0.036111
0 0.527344 0.561111 0.028125 0.033333
0 0.597266 0.559028 0.033594 0.034722
0 0.643750 0.552083 0.032813 0.037500
0 0.672266 0.552083 0.032031 0.034722
3 0.710156 0.545833 0.029687 0.044444
