2 0.058203 0.577083 0.080469 0.084722
0 0.255859 0.579861 0.041406 0.037500
0 0.176953 0.575694 0.022656 0.029167
0 0.646484 0.570139 0.111719 0.079167
0 0.833203 0.547222 0.042969 0.047222
0 0.911328 0.538194 0.039844 0.043056
0 0.115625 0.581944 0.020313 0.027778
3 0.744141 0.546528 0.038281 0.045833
0 0.790625 0.543056 0.051562 0.050000
0 0.953906 0.561111 0.087500 0.111111
0 0.391016 0.570139 0.025781 0.029167
0 0.415234 0.561111 0.028906 0.033333
0 0.480469 0.562500 0.026562 0.038889
0 0.505078 0.559722 0.025781 0.036111
0 0.527344 0.561111 0.028125 0.033333
0 0.597266 0.559028 0.033594 0.034722
3 0.710156 0.545833 0.029687 0.044444
