0 0.233203 0.578472 0.036719 0.034722
0 0.167187 0.577083 0.021875 0.026389
0 0.550781 0.570139 0.098437 0.073611
0 0.911328 0.538194 0.039844 0.043056
0 0.115625 0.581944 0.020313 0.027778
3 0.744141 0.546528 0.038281 0.045833
0 0.790625 0.543056 0.051562 0.050000
0 0.824609 0.577778 0.117969 0.094444
2 0.042969 0.579861 0.059375 0.073611
0 0.093359 0.584028 0.022656 0.031944
0 0.949219 0.534028 0.034375 0.037500
0 0.391016 0.570139 0.025781 0.029167
0 0.415234 0.561111 0.028906 0.033333
0 0.480469 0.562500 0.026562 0.038889
0 0.505078 0.559722 0.025781 0.036111
0 0.643750 0.552083 0.032813 0.037500
0 0.672266 0.552083 0.032031 0.034722
3 0.710156 0.545833 0.029687 0.044444
