0 0.212500 0.580556 0.026562 0.033333
0 0.470703 0.572917 0.091406 0.065278
0 0.911328 0.538194 0.039844 0.043056
0 0.115625 0.581944 0.020313 0.027778
3 0.744141 0.546528 0.038281 0.045833
0 0.790625 0.543056 0.051562 0.050000
0 0.680469 0.579861 0.117188 0.081944
2 0.034375 0.581250 0.042188 0.076389
0 0.092969 0.584028 0.023438 0.031944
0 0.949219 0.534028 0.034375 0.037500
0 0.832812 0.546528 0.040625 0.040278
0 0.391016 0.570139 0.025781 0.029167
0 0.415234 0.561111 0.028906 0.033333
0 0.527344 0.561111 0.028125 0.033333
0 0.597266 0.559028 0.033594 0.034722
0 0.643750 0.552083 0.032813 0.037500
