0 0.185156 0.577083 0.023438 0.026389
0 0.349219 0.574306 0.059375 0.051389
0 0.911328 0.538194 0.039844 0.043056
0 0.115625 0.581944 0.020313 0.027778
3 0.744141 0.546528 0.038281 0.045833
0 0.790625 0.543056 0.051562 0.050000
0 0.440625 0.579861 0.085938 0.068056
0 0.092969 0.584028 0.023438 0.031944
0 0.949219 0.534028 0.034375 0.037500
0 0.832812 0.546528 0.040625 0.040278
2 0.051562 0.579861 0.018750 0.043056
0 0.074219 0.588194 0.014063 0.026389
0 0.391016 0.570139 0.025781 0.029167
0 0.505078 0.559722 0.025781 0.036111
0 0.527344 0.561111 0.028125 0.033333
0 0.597266 0.559028 0.033594 0.034722
0 0.643750 0.552083 0.032813 0.037500
0 0.672266 0.552083 0.032031 0.034722
3 0.710156 0.545833 0.029687 0.044444
