3 0.746094 0.547222 0.040625 0.047222
0 0.789453 0.546528 0.047656 0.043056
0 0.833984 0.547917 0.041406 0.040278
0 0.912891 0.538194 0.039844 0.040278
0 0.950781 0.529861 0.028125 0.029167
0 0.658203 0.662500 0.283594 0.197222
0 0.166406 0.600694 0.046875 0.056944
0 0.282422 0.620833 0.107031 0.083333
3 0.238672 0.572222 0.066406 0.091667
0 0.488672 0.621528 0.150781 0.143056
0 0.391016 0.570139 0.025781 0.029167
0 0.415234 0.561111 0.028906 0.033333
0 0.597266 0.559028 0.033594 0.034722
0 0.643750 0.552083 0.032813 0.037500
0 0.672266 0.552083 0.032031 0.034722
3 0.710156 0.545833 0.029687 0.044444
