3 0.746094 0.547222 0.040625 0.047222
0 0.789453 0.546528 0.047656 0.043056
0 0.833984 0.547917 0.041406 0.040278
0 0.912891 0.538194 0.039844 0.040278
0 0.950781 0.529861 0.028125 0.029167
0 0.737891 0.662500 0.283594 0.197222
0 0.175391 0.603472 0.057031 0.070833
0 0.300391 0.629167 0.113281 0.091667
3 0.257422 0.576389 0.075781 0.100000
0 0.539453 0.625694 0.174219 0.156944
0 0.117969 0.588194 0.020313 0.034722
0 0.391016 0.570139 0.025781 0.029167
0 0.415234 0.561111 0.028906 0.033333
0 0.643750 0.552083 0.032813 0.037500
0 0.672266 0.552083 0.032031 0.034722
3 0.710156 0.545833 0.029687 0.044444
