0 0.115625 0.581944 0.020313 0.027778
0 0.092969 0.584028 0.023438 0.031944
2 0.051562 0.579861 0.018750 0.043056
0 0.074219 0.588194 0.014063 0.026389
3 0.766406 0.554167 0.118750 0.108333
0 0.836328 0.547222 0.032031 0.038889
0 0.911719 0.540972 0.037500 0.043056
0 0.965625 0.569444 0.065625 0.102778
0 0.391016 0.570139 0.025781 0.029167
0 0.415234 0.561111 0.028906 0.033333
0 0.480469 0.562500 0.026562 0.038889
0 0.505078 0.559722 0.025781 0.036111
0 0.527344 0.561111 0.028125 0.033333
0 0.597266 0.559028 0.033594 0.034722
0 0.643750 0.552083 0.032813 0.037500
0 0.672266 0.552083 0.032031 0.034722
3 0.710156 0.545833 0.029687 0.044444
