0 0.115625 0.581944 0.020313 0.027778
0 0.092969 0.584028 0.023438 0.031944
2 0.051562 0.579861 0.018750 0.043056
0 0.074219 0.588194 0.014063 0.026389
3 0.527344 0.557639 0.107813 0.098611
0 0.836328 0.547222 0.032031 0.038889
0 0.911719 0.540972 0.037500 0.043056
0 0.581250 0.586111 0.117188 0.075000
0 0.788281 0.545139 0.051562 0.045833
0 0.951953 0.537500 0.035156 0.041667
3 0.742578 0.545833 0.042969 0.050000
0 0.391016 0.570139 0.025781 0.029167
0 0.415234 0.561111 0.028906 0.033333
0 0.643750 0.552083 0.032813 0.037500
0 0.672266 0.552083 0.032031 0.034722
3 0.710156 0.545833 0.029687 0.044444
