3 0.746094 0.547222 0.040625 0.047222
0 0.789453 0.546528 0.047656 0.043056
0 0.833984 0.547917 0.041406 0.040278
0 0.912891 0.538194 0.039844 0.040278
0 0.950781 0.529861 0.028125 0.029167
0 0.837109 0.659722 0.283594 0.197222
0 0.189453 0.606250 0.060156 0.073611
0 0.323437 0.631944 0.126562 0.100000
3 0.277344 0.576389 0.087500 0.102778
0 0.589063 0.625000 0.218750 0.175000
0 0.126562 0.590278 0.029687 0.038889
0 0.391016 0.570139 0.025781 0.029167
0 0.415234 0.561111 0.028906 0.033333
0 0.480469 0.562500 0.026562 0.038889
0 0.643750 0.552083 0.032813 0.037500
0 0.672266 0.552083 0.032031 0.034722
3 0.710156 0.545833 0.029687 0.044444
