0 0.115625 0.581944 0.020313 0.027778
0 0.092969 0.584028 0.023438 0.031944
2 0.051562 0.579861 0.018750 0.043056
0 0.074219 0.588194 0.014063 0.026389
0 0.788281 0.545139 0.051562 0.045833
3 0.204297 0.569444 0.033594 0.061111
5 0.302734 0.595833 0.039844 0.069444
0 0.634766 0.567361 0.096094 0.062500
0 0.910937 0.537500 0.039062 0.038889
0 0.950000 0.537500 0.032813 0.041667
0 0.833594 0.547917 0.040625 0.040278
3 0.744531 0.543750 0.042188 0.048611
0 0.391016 0.570139 0.025781 0.029167
0 0.415234 0.561111 0.028906 0.033333
0 0.480469 0.562500 0.026562 0.038889
0 0.505078 0.559722 0.025781 0.036111
0 0.527344 0.561111 0.028125 0.033333
3 0.710156 0.545833 0.029687 0.044444
