0 0.115625 0.581944 0.020313 0.027778
0 0.092969 0.584028 0.023438 0.031944
2 0.051562 0.579861 0.018750 0.043056
0 0.074219 0.588194 0.014063 0.026389
0 0.788281 0.545139 0.051562 0.045833
3 0.191016 0.565972 0.027344 0.051389
5 0.207031 0.604861 0.025000 0.051389
0 0.488281 0.570833 0.082812 0.058333
0 0.950000 0.537500 0.032813 0.041667
0 0.833594 0.547917 0.040625 0.040278
3 0.744531 0.543750 0.042188 0.048611
0 0.872266 0.581250 0.130469 0.106944
0 0.391016 0.570139 0.025781 0.029167
0 0.415234 0.561111 0.028906 0.033333
0 0.527344 0.561111 0.028125 0.033333
0 0.597266 0.559028 0.033594 0.034722
0 0.643750 0.552083 0.032813 0.037500
0 0.672266 0.552083 0.032031 0.034722
3 0.710156 0.545833 0.029687 0.044444
