3 0.746094 0.547222 0.040625 0.047222
0 0.789453 0.546528 0.047656 0.043056
0 0.833984 0.547917 0.041406 0.040278
0 0.912891 0.538194 0.039844 0.040278
0 0.950781 0.529861 0.028125 0.029167
0 0.891797 0.667361 0.208594 0.204167
0 0.203516 0.606944 0.063281 0.077778
0 0.354297 0.638194 0.141406 0.109722
3 0.298828 0.584722 0.097656 0.122222
0 0.639844 0.633333 0.232813 0.188889
0 0.130469 0.590278 0.026562 0.038889
0 0.391016 0.570139 0.025781 0.029167
0 0.415234 0.561111 0.028906 0.033333
0 0.480469 0.562500 0.026562 0.038889
0 0.505078 0.559722 0.025781 0.036111
3 0.710156 0.545833 0.029687 0.044444
