3 0.746094 0.547222 0.040625 0.047222
0 0.789453 0.546528 0.047656 0.043056
0 0.833984 0.547917 0.041406 0.040278
0 0.912891 0.538194 0.039844 0.040278
0 0.950781 0.529861 0.028125 0.029167
0 0.933203 0.654861 0.132031 0.215278
0 0.217578 0.611806 0.066406 0.090278
0 0.384375 0.643056 0.154688 0.122222
3 0.323828 0.580556 0.105469 0.133333
0 0.682813 0.625694 0.245312 0.190278
0 0.136719 0.589583 0.031250 0.037500
0 0.391016 0.570139 0.025781 0.029167
0 0.415234 0.561111 0.028906 0.033333
0 0.480469 0.562500 0.026562 0.038889
0 0.505078 0.559722 0.025781 0.036111
