0 0.950000 0.537500 0.032813 0.041667
0 0.833594 0.547917 0.040625 0.040278
0 0.073438 0.586111 0.015625 0.030556
0 0.910547 0.538889 0.036719 0.041667
3 0.742969 0.546528 0.042188 0.056944
0 0.789453 0.548611 0.050781 0.052778
0 0.182812 0.579167 0.021875 0.025000
0 0.116016 0.582639 0.019531 0.029167
0 0.092969 0.584028 0.021875 0.031944
2 0.051562 0.579861 0.018750 0.048611
0 0.391016 0.570139 0.025781 0.029167
0 0.415234 0.561111 0.028906 0.033333
0 0.480469 0.562500 0.026562 0.038889
0 0.505078 0.559722 0.025781 0.036111
0 0.527344 0.561111 0.028125 0.033333
0 0.597266 0.559028 0.033594 0.034722
0 0.643750 0.552083 0.032813 0.037500
0 0.672266 0.552083 0.032031 0.034722
3 0.710156 0.545833 0.029687 0.044444
