0 0.950000 0.537500 0.032813 0.041667
0 0.774219 0.551389 0.046875 0.047222
0 0.073438 0.586111 0.015625 0.030556
0 0.908594 0.539583 0.040625 0.043056
3 0.502344 0.564583 0.070312 0.056944
2 0.051562 0.579861 0.018750 0.048611
0 0.858984 0.538889 0.046094 0.052778
0 0.236719 0.629167 0.146875 0.102778
3 0.692969 0.548611 0.035937 0.047222
0 0.817187 0.545139 0.046875 0.045833
0 0.117188 0.609028 0.054688 0.065278
0 0.732812 0.551389 0.053125 0.050000
0 0.166797 0.613889 0.057031 0.077778
0 0.391016 0.570139 0.025781 0.029167
0 0.415234 0.561111 0.028906 0.033333
0 0.597266 0.559028 0.033594 0.034722
0 0.643750 0.552083 0.032813 0.037500
