0 0.950000 0.537500 0.032813 0.041667
0 0.761719 0.556944 0.046875 0.047222
0 0.073438 0.586111 0.015625 0.030556
0 0.909766 0.539583 0.042969 0.043056
3 0.464062 0.565972 0.075000 0.059722
2 0.051562 0.579861 0.018750 0.048611
0 0.854297 0.543056 0.046094 0.052778
0 0.336328 0.625694 0.167969 0.101389
3 0.673438 0.552083 0.037500 0.054167
0 0.807031 0.543750 0.046875 0.045833
0 0.716406 0.551389 0.053125 0.050000
0 0.170703 0.609028 0.072656 0.068056
0 0.092969 0.585417 0.018750 0.031944
0 0.113672 0.586806 0.019531 0.026389
0 0.245703 0.608333 0.080469 0.069444
0 0.391016 0.570139 0.025781 0.029167
0 0.415234 0.561111 0.028906 0.033333
0 0.527344 0.561111 0.028125 0.033333
0 0.597266 0.559028 0.033594 0.034722
0 0.643750 0.552083 0.032813 0.037500
