0 0.950000 0.537500 0.032813 0.041667
0 0.739062 0.554167 0.054688 0.041667
0 0.073438 0.586111 0.015625 0.030556
0 0.909766 0.539583 0.042969 0.043056
2 0.051562 0.579861 0.018750 0.048611
0 0.842578 0.541667 0.047656 0.047222
0 0.342969 0.611806 0.100000 0.081944
3 0.653906 0.552083 0.050000 0.054167
0 0.795312 0.547917 0.046875 0.045833
0 0.699219 0.550000 0.053125 0.050000
0 0.092969 0.585417 0.018750 0.031944
0 0.115625 0.586806 0.020313 0.034722
0 0.230078 0.605556 0.086719 0.069444
0 0.453906 0.611806 0.181250 0.106944
0 0.391016 0.570139 0.025781 0.029167
0 0.480469 0.562500 0.026562 0.038889
0 0.505078 0.559722 0.025781 0.036111
0 0.527344 0.561111 0.028125 0.033333
0 0.597266 0.559028 0.033594 0.034722
