0 0.950000 0.537500 0.032813 0.041667
0 0.717187 0.555556 0.054688 0.041667
0 0.073438 0.586111 0.015625 0.030556
0 0.909766 0.539583 0.042969 0.043056
2 0.051562 0.579861 0.018750 0.048611
0 0.833203 0.544444 0.047656 0.047222
0 0.443750 0.597917 0.100000 0.081944
3 0.625391 0.552778 0.047656 0.052778
0 0.778516 0.543750 0.057031 0.048611
0 0.678906 0.549306 0.065625 0.054167
0 0.092969 0.585417 0.018750 0.031944
0 0.115625 0.586806 0.020313 0.034722
0 0.294531 0.600694 0.092188 0.070833
0 0.584375 0.606250 0.181250 0.106944
3 0.381641 0.570139 0.067969 0.051389
3 0.869922 0.531944 0.041406 0.050000
0 0.480469 0.562500 0.026562 0.038889
0 0.505078 0.559722 0.025781 0.036111
0 0.527344 0.561111 0.028125 0.033333
