0 0.950000 0.537500 0.032813 0.041667
0 0.073438 0.586111 0.015625 0.030556
0 0.909766 0.539583 0.042969 0.043056
2 0.051562 0.579861 0.018750 0.048611
0 0.816016 0.545833 0.047656 0.047222
0 0.554297 0.592361 0.103906 0.081944
0 0.762109 0.549306 0.057031 0.048611
0 0.092969 0.585417 0.018750 0.031944
0 0.115625 0.586806 0.020313 0.034722
0 0.371484 0.602778 0.103906 0.072222
0 0.678125 0.588889 0.165625 0.094444
3 0.859766 0.536111 0.041406 0.050000
0 0.040625 0.628472 0.067187 0.081944
0 0.415234 0.561111 0.028906 0.033333
0 0.480469 0.562500 0.026562 0.038889
0 0.505078 0.559722 0.025781 0.036111
3 0.710156 0.545833 0.029687 0.044444
