0 0.950000 0.537500 0.032813 0.041667
0 0.909766 0.539583 0.042969 0.043056
0 0.662891 0.581250 0.103906 0.081944
0 0.115625 0.586806 0.020313 0.034722
0 0.457813 0.591667 0.098437 0.066667
0 0.769922 0.585417 0.124219 0.084722
3 0.859766 0.536111 0.041406 0.050000
0 0.087500 0.630556 0.082812 0.094444
3 0.312891 0.574306 0.072656 0.051389
3 0.566406 0.556944 0.056250 0.052778
0 0.391016 0.570139 0.025781 0.029167
0 0.480469 0.562500 0.026562 0.038889
0 0.505078 0.559722 0.025781 0.036111
0 0.527344 0.561111 0.028125 0.033333
