0 0.950000 0.537500 0.032813 0.041667
0 0.909766 0.539583 0.042969 0.043056
0 0.623437 0.569444 0.056250 0.050000
0 0.546094 0.588889 0.098437 0.066667
0 0.747266 0.574306 0.089844 0.076389
0 0.157031 0.627778 0.096875 0.097222
3 0.273828 0.574306 0.072656 0.051389
0 0.096875 0.619444 0.057813 0.080556
0 0.052734 0.606250 0.047656 0.079167
0 0.844531 0.571528 0.095312 0.081944
0 0.391016 0.570139 0.025781 0.029167
0 0.415234 0.561111 0.028906 0.033333
0 0.480469 0.562500 0.026562 0.038889
0 0.672266 0.552083 0.032031 0.034722
