0 0.751953 0.630556 0.203906 0.122222
3 0.746094 0.547222 0.040625 0.047222
0 0.789453 0.546528 0.047656 0.043056
0 0.833984 0.547917 0.041406 0.040278
0 0.912891 0.538194 0.039844 0.040278
0 0.950781 0.529861 0.028125 0.029167
0 0.509375 0.670833 0.268750 0.211111
0 0.233984 0.590972 0.075781 0.065278
5 0.220703 0.622917 0.032031 0.095833
0 0.167578 0.604167 0.055469 0.072222
0 0.111328 0.595833 0.027344 0.038889
0 0.082812 0.600694 0.026562 0.045833
0 0.391016 0.570139 0.025781 0.029167
0 0.415234 0.561111 0.028906 0.033333
0 0.480469 0.562500 0.026562 0.038889
0 0.505078 0.559722 0.025781 0.036111
0 0.597266 0.559028 0.033594 0.034722
0 0.643750 0.552083 0.032813 0.037500
0 0.672266 0.552083 0.032031 0.034722
3 0.710156 0.545833 0.029687 0.044444
