0 0.833984 0.547917 0.041406 0.040278
0 0.912891 0.538194 0.039844 0.040278
0 0.950781 0.529861 0.028125 0.029167
0 0.247266 0.620139 0.086719 0.104167
0 0.452344 0.647222 0.181250 0.130556
3 0.398047 0.581250 0.139844 0.143056
0 0.778906 0.624306 0.245312 0.190278
0 0.147266 0.592361 0.035156 0.043056
0 0.300000 0.578472 0.053125 0.048611
5 0.284375 0.599306 0.028125 0.068056
0 0.480469 0.562500 0.026562 0.038889
0 0.505078 0.559722 0.025781 0.036111
0 0.597266 0.559028 0.033594 0.034722
0 0.643750 0.552083 0.032813 0.037500
