3 0.466797 0.565972 0.061719 0.054167
0 0.826562 0.541667 0.053125 0.044444
0 0.364453 0.614583 0.133594 0.112500
0 0.238672 0.609028 0.124219 0.115278
0 0.127344 0.601389 0.085938 0.094444
0 0.871484 0.556944 0.064844 0.058333
0 0.537109 0.574306 0.067969 0.062500
0 0.693750 0.570139 0.076563 0.076389
0 0.742969 0.547917 0.051562 0.040278
2 0.051562 0.577778 0.021875 0.050000
0 0.074219 0.583333 0.015625 0.030556
0 0.941016 0.555556 0.064844 0.063889
0 0.415234 0.561111 0.028906 0.033333
0 0.480469 0.562500 0.026562 0.038889
0 0.597266 0.559028 0.033594 0.034722
0 0.643750 0.552083 0.032813 0.037500
