3 0.812891 0.539583 0.049219 0.040278
0 0.498047 0.607639 0.133594 0.112500
0 0.333984 0.595139 0.147656 0.101389
0 0.171094 0.595833 0.095312 0.088889
0 0.857422 0.539583 0.046094 0.045833
0 0.649219 0.559028 0.067187 0.054167
0 0.711719 0.551389 0.054688 0.055556
2 0.051562 0.577778 0.021875 0.050000
0 0.074219 0.583333 0.015625 0.030556
0 0.915234 0.550694 0.042969 0.056944
0 0.094531 0.585417 0.017188 0.029167
0 0.115625 0.585417 0.020313 0.029167
3 0.419141 0.568750 0.041406 0.056944
0 0.766406 0.563889 0.071875 0.063889
0 0.971875 0.552083 0.045312 0.054167
0 0.391016 0.570139 0.025781 0.029167
0 0.527344 0.561111 0.028125 0.033333
0 0.597266 0.559028 0.033594 0.034722
