3 0.803125 0.538889 0.050000 0.038889
0 0.625391 0.597917 0.133594 0.112500
0 0.430078 0.595139 0.147656 0.101389
0 0.857422 0.539583 0.046094 0.045833
0 0.683594 0.553472 0.067187 0.051389
0 0.912500 0.542361 0.048438 0.040278
0 0.094531 0.585417 0.017188 0.029167
0 0.947656 0.543750 0.040625 0.048611
3 0.050000 0.600000 0.073438 0.077778
3 0.126172 0.588194 0.053906 0.054167
0 0.228125 0.586111 0.107813 0.091667
3 0.766406 0.545833 0.031250 0.050000
0 0.823828 0.556944 0.061719 0.055556
0 0.480469 0.562500 0.026562 0.038889
0 0.505078 0.559722 0.025781 0.036111
0 0.527344 0.561111 0.028125 0.033333
