0 0.950781 0.529861 0.028125 0.029167
0 0.282422 0.615972 0.092969 0.104167
0 0.522266 0.654167 0.213281 0.133333
3 0.491016 0.579861 0.188281 0.162500
0 0.871875 0.620833 0.239063 0.183333
0 0.162109 0.586806 0.039844 0.045833
5 0.336719 0.600000 0.040625 0.077778
3 0.744922 0.547222 0.038281 0.041667
0 0.226562 0.593056 0.037500 0.058333
0 0.391016 0.570139 0.025781 0.029167
0 0.597266 0.559028 0.033594 0.034722
0 0.643750 0.552083 0.032813 0.037500
0 0.672266 0.552083 0.032031 0.034722
3 0.710156 0.545833 0.029687 0.044444
