0 0.306250 0.631250 0.114062 0.115278
0 0.561719 0.663194 0.237500 0.154167
3 0.545703 0.574306 0.208594 0.162500
0 0.902734 0.620139 0.189844 0.190278
0 0.170313 0.588194 0.043750 0.048611
5 0.369531 0.604861 0.050000 0.093056
3 0.744922 0.547222 0.038281 0.041667
0 0.235937 0.600000 0.037500 0.063889
0 0.790625 0.545139 0.048438 0.051389
5 0.106641 0.593056 0.011719 0.041667
0 0.391016 0.570139 0.025781 0.029167
0 0.415234 0.561111 0.028906 0.033333
0 0.643750 0.552083 0.032813 0.037500
0 0.672266 0.552083 0.032031 0.034722
3 0.710156 0.545833 0.029687 0.044444
