0 0.323437 0.636111 0.120313 0.116667
0 0.605859 0.661111 0.244531 0.147222
3 0.607812 0.573611 0.218750 0.169444
0 0.924609 0.621528 0.146094 0.193056
0 0.179297 0.593056 0.042969 0.058333
5 0.409766 0.606944 0.060156 0.100000
3 0.744922 0.547222 0.038281 0.041667
0 0.254297 0.604167 0.041406 0.069444
0 0.790625 0.545139 0.048438 0.051389
5 0.113672 0.598611 0.013281 0.052778
0 0.833984 0.546528 0.036719 0.037500
0 0.391016 0.570139 0.025781 0.029167
0 0.415234 0.561111 0.028906 0.033333
0 0.480469 0.562500 0.026562 0.038889
3 0.710156 0.545833 0.029687 0.044444
