0 0.349609 0.634722 0.133594 0.125000
0 0.652734 0.663889 0.253906 0.152778
3 0.670703 0.565972 0.227344 0.179167
0 0.950000 0.622222 0.095312 0.194444
0 0.188672 0.588889 0.047656 0.061111
5 0.452734 0.607639 0.072656 0.112500
0 0.274609 0.604167 0.044531 0.075000
0 0.795703 0.540972 0.038281 0.043056
5 0.121094 0.601389 0.015625 0.058333
0 0.833984 0.546528 0.036719 0.037500
0 0.909375 0.538194 0.032813 0.040278
0 0.773438 0.556250 0.054688 0.056944
0 0.391016 0.570139 0.025781 0.029167
0 0.415234 0.561111 0.028906 0.033333
0 0.480469 0.562500 0.026562 0.038889
0 0.505078 0.559722 0.025781 0.036111
0 0.527344 0.561111 0.028125 0.033333
