0 0.403125 0.643056 0.154688 0.138889
0 0.744141 0.661111 0.253906 0.152778
3 0.816016 0.565972 0.217969 0.212500
0 0.209766 0.589583 0.057031 0.062500
5 0.566797 0.622917 0.089844 0.123611
5 0.143750 0.602083 0.018750 0.059722
0 0.912109 0.538194 0.038281 0.040278
0 0.391016 0.570139 0.025781 0.029167
0 0.415234 0.561111 0.028906 0.033333
0 0.480469 0.562500 0.026562 0.038889
0 0.505078 0.559722 0.025781 0.036111
0 0.597266 0.559028 0.033594 0.034722
0 0.643750 0.552083 0.032813 0.037500
0 0.672266 0.552083 0.032031 0.034722
