0 0.433203 0.655556 0.175781 0.161111
0 0.788281 0.655556 0.257812 0.163889
3 0.889453 0.559722 0.196094 0.208333
0 0.222266 0.588194 0.057031 0.062500
5 0.630078 0.625694 0.089844 0.123611
5 0.157812 0.613889 0.020313 0.083333
3 0.743359 0.545139 0.039844 0.043056
0 0.415234 0.561111 0.028906 0.033333
0 0.480469 0.562500 0.026562 0.038889
0 0.505078 0.559722 0.025781 0.036111
0 0.597266 0.559028 0.033594 0.034722
0 0.643750 0.552083 0.032813 0.037500
0 0.672266 0.552083 0.032031 0.034722
3 0.710156 0.545833 0.029687 0.044444
