0 0.467969 0.651389 0.192188 0.161111
0 0.838281 0.660417 0.245312 0.165278
3 0.932031 0.559028 0.131250 0.215278
0 0.239063 0.595139 0.065625 0.070833
5 0.701172 0.622917 0.089844 0.123611
5 0.180078 0.620833 0.024219 0.097222
3 0.743359 0.545139 0.039844 0.043056
0 0.788672 0.544444 0.046094 0.050000
0 0.832812 0.548611 0.035937 0.038889
0 0.391016 0.570139 0.025781 0.029167
0 0.415234 0.561111 0.028906 0.033333
0 0.480469 0.562500 0.026562 0.038889
0 0.505078 0.559722 0.025781 0.036111
0 0.597266 0.559028 0.033594 0.034722
0 0.643750 0.552083 0.032813 0.037500
0 0.672266 0.552083 0.032031 0.034722
3 0.710156 0.545833 0.029687 0.044444
