0 0.821484 0.620833 0.203906 0.122222
3 0.746094 0.547222 0.040625 0.047222
0 0.789453 0.546528 0.047656 0.043056
0 0.833984 0.547917 0.041406 0.040278
0 0.912891 0.538194 0.039844 0.040278
0 0.950781 0.529861 0.028125 0.029167
0 0.629297 0.684028 0.314844 0.231944
0 0.256641 0.588889 0.085156 0.083333
5 0.257031 0.633333 0.039062 0.116667
0 0.184766 0.602083 0.064844 0.076389
0 0.119141 0.595833 0.028906 0.038889
0 0.091797 0.605556 0.030469 0.055556
0 0.391016 0.570139 0.025781 0.029167
0 0.415234 0.561111 0.028906 0.033333
0 0.480469 0.562500 0.026562 0.038889
0 0.505078 0.559722 0.025781 0.036111
0 0.597266 0.559028 0.033594 0.034722
0 0.643750 0.552083 0.032813 0.037500
0 0.672266 0.552083 0.032031 0.034722
3 0.710156 0.545833 0.029687 0.044444
