0 0.504687 0.654861 0.206250 0.162500
0 0.875000 0.662500 0.231250 0.175000
0 0.254688 0.593750 0.075000 0.079167
5 0.783203 0.624306 0.089844 0.123611
5 0.211328 0.640972 0.038281 0.115278
3 0.743359 0.545139 0.039844 0.043056
0 0.788672 0.544444 0.046094 0.050000
0 0.832812 0.548611 0.035937 0.038889
0 0.908203 0.538194 0.044531 0.040278
0 0.391016 0.570139 0.025781 0.029167
0 0.415234 0.561111 0.028906 0.033333
0 0.480469 0.562500 0.026562 0.038889
0 0.505078 0.559722 0.025781 0.036111
0 0.597266 0.559028 0.033594 0.034722
0 0.643750 0.552083 0.032813 0.037500
0 0.672266 0.552083 0.032031 0.034722
3 0.710156 0.545833 0.029687 0.044444
