0 0.665234 0.661806 0.239844 0.179167
0 0.965234 0.643056 0.067969 0.158333
0 0.347656 0.604167 0.106250 0.094444
5 0.930469 0.741667 0.132812 0.280556
3 0.743359 0.545139 0.039844 0.043056
0 0.788672 0.544444 0.046094 0.050000
0 0.832812 0.548611 0.035937 0.038889
0 0.908203 0.538194 0.044531 0.040278
0 0.951172 0.528472 0.022656 0.031944
0 0.807813 0.634028 0.189062 0.148611
0 0.880078 0.580556 0.097656 0.083333
0 0.391016 0.570139 0.025781 0.029167
0 0.415234 0.561111 0.028906 0.033333
0 0.480469 0.562500 0.026562 0.038889
0 0.505078 0.559722 0.025781 0.036111
0 0.527344 0.561111 0.028125 0.033333
0 0.597266 0.559028 0.033594 0.034722
0 0.643750 0.552083 0.032813 0.037500
0 0.672266 0.552083 0.032031 0.034722
3 0.710156 0.545833 0.029687 0.044444
