0 0.742578 0.661806 0.239844 0.179167
0 0.427734 0.609028 0.150781 0.109722
3 0.743359 0.545139 0.039844 0.043056
0 0.935937 0.620139 0.126562 0.134722
0 0.869531 0.585417 0.115625 0.079167
2 0.959375 0.520833 0.081250 0.155556
0 0.790625 0.549306 0.050000 0.043056
0 0.834375 0.548611 0.037500 0.041667
0 0.480469 0.562500 0.026562 0.038889
0 0.505078 0.559722 0.025781 0.036111
0 0.527344 0.561111 0.028125 0.033333
0 0.597266 0.559028 0.033594 0.034722
0 0.643750 0.552083 0.032813 0.037500
3 0.710156 0.545833 0.029687 0.044444
