0 0.878516 0.619444 0.203906 0.122222
3 0.746094 0.547222 0.040625 0.047222
0 0.789453 0.546528 0.047656 0.043056
0 0.833984 0.547917 0.041406 0.040278
0 0.912891 0.538194 0.039844 0.040278
0 0.950781 0.529861 0.028125 0.029167
0 0.765234 0.689583 0.314844 0.231944
0 0.276562 0.593750 0.084375 0.087500
5 0.315625 0.650000 0.057813 0.150000
0 0.203125 0.611806 0.076563 0.098611
0 0.131250 0.596528 0.031250 0.040278
0 0.100781 0.608333 0.035937 0.061111
0 0.391016 0.570139 0.025781 0.029167
0 0.415234 0.561111 0.028906 0.033333
0 0.480469 0.562500 0.026562 0.038889
0 0.505078 0.559722 0.025781 0.036111
0 0.597266 0.559028 0.033594 0.034722
0 0.643750 0.552083 0.032813 0.037500
0 0.672266 0.552083 0.032031 0.034722
3 0.710156 0.545833 0.029687 0.044444
