0 0.906641 0.654861 0.164844 0.187500
0 0.324219 0.588889 0.093750 0.055556
2 0.676562 0.530556 0.253125 0.163889
0 0.769531 0.627778 0.178125 0.158333
0 0.114844 0.584028 0.020313 0.023611
5 0.142578 0.589583 0.017969 0.034722
0 0.440625 0.600000 0.131250 0.086111
0 0.912109 0.537500 0.036719 0.036111
0 0.951172 0.530556 0.025781 0.036111
0 0.833984 0.547917 0.039844 0.040278
0 0.391016 0.570139 0.025781 0.029167
0 0.415234 0.561111 0.028906 0.033333
0 0.480469 0.562500 0.026562 0.038889
0 0.505078 0.559722 0.025781 0.036111
0 0.527344 0.561111 0.028125 0.033333
