0 0.945312 0.656250 0.103125 0.195833
0 0.231641 0.594444 0.066406 0.047222
2 0.540234 0.532639 0.213281 0.145833
0 0.808984 0.588889 0.119531 0.116667
0 0.114844 0.584028 0.020313 0.023611
0 0.303516 0.599306 0.105469 0.062500
0 0.091016 0.586111 0.017969 0.022222
3 0.742188 0.548611 0.046875 0.047222
0 0.786719 0.543056 0.054688 0.044444
0 0.904687 0.607639 0.110937 0.148611
0 0.391016 0.570139 0.025781 0.029167
0 0.415234 0.561111 0.028906 0.033333
0 0.672266 0.552083 0.032031 0.034722
3 0.710156 0.545833 0.029687 0.044444
