3 0.746094 0.547222 0.040625 0.047222
0 0.789453 0.546528 0.047656 0.043056
0 0.833984 0.547917 0.041406 0.040278
0 0.912891 0.538194 0.039844 0.040278
0 0.950781 0.529861 0.028125 0.029167
0 0.880078 0.695833 0.232031 0.233333
0 0.305469 0.596528 0.110937 0.093056
5 0.408203 0.672917 0.094531 0.179167
0 0.220703 0.609722 0.085156 0.100000
0 0.139453 0.599306 0.033594 0.045833
0 0.116016 0.613889 0.046094 0.072222
0 0.391016 0.570139 0.025781 0.029167
0 0.415234 0.561111 0.028906 0.033333
0 0.480469 0.562500 0.026562 0.038889
0 0.505078 0.559722 0.025781 0.036111
0 0.597266 0.559028 0.033594 0.034722
0 0.643750 0.552083 0.032813 0.037500
0 0.672266 0.552083 0.032031 0.034722
3 0.710156 0.545833 0.029687 0.044444
