0 0.036328 0.599306 0.036719 0.037500
2 0.262500 0.559028 0.082812 0.081944
0 0.262109 0.597222 0.083594 0.066667
0 0.769531 0.584028 0.145313 0.084722
0 0.462109 0.602083 0.157031 0.115278
0 0.832422 0.547917 0.038281 0.040278
0 0.601172 0.569444 0.108594 0.080556
0 0.116406 0.581944 0.018750 0.030556
0 0.092969 0.586111 0.018750 0.022222
0 0.946094 0.550000 0.100000 0.094444
0 0.869141 0.565278 0.071094 0.058333
3 0.746484 0.545139 0.042969 0.045833
0 0.391016 0.570139 0.025781 0.029167
0 0.672266 0.552083 0.032031 0.034722
3 0.710156 0.545833 0.029687 0.044444
