2 0.243359 0.559722 0.082031 0.080556
0 0.221484 0.600694 0.069531 0.065278
0 0.678125 0.588194 0.145313 0.084722
0 0.380078 0.600694 0.139844 0.098611
0 0.529687 0.570139 0.096875 0.070833
0 0.116406 0.581944 0.018750 0.030556
0 0.092969 0.586111 0.018750 0.022222
0 0.876563 0.557639 0.109375 0.101389
0 0.789453 0.565972 0.086719 0.070833
3 0.746484 0.545139 0.042969 0.045833
0 0.952344 0.528472 0.028125 0.034722
0 0.480469 0.562500 0.026562 0.038889
0 0.597266 0.559028 0.033594 0.034722
0 0.643750 0.552083 0.032813 0.037500
3 0.710156 0.545833 0.029687 0.044444
