2 0.224609 0.562500 0.067969 0.066667
0 0.177734 0.598611 0.061719 0.063889
0 0.581641 0.587500 0.135156 0.080556
0 0.308984 0.600000 0.117969 0.088889
0 0.468750 0.572917 0.081250 0.062500
0 0.116406 0.581944 0.018750 0.030556
0 0.092969 0.586111 0.018750 0.022222
0 0.796484 0.556250 0.116406 0.104167
0 0.708203 0.565972 0.086719 0.070833
0 0.952344 0.528472 0.028125 0.034722
0 0.944141 0.575694 0.099219 0.081944
0 0.911719 0.538194 0.042188 0.037500
0 0.391016 0.570139 0.025781 0.029167
0 0.415234 0.561111 0.028906 0.033333
0 0.527344 0.561111 0.028125 0.033333
