2 0.209375 0.566667 0.054688 0.063889
0 0.144531 0.597917 0.051562 0.059722
0 0.496094 0.589583 0.125000 0.073611
0 0.251172 0.598611 0.096094 0.080556
0 0.413672 0.575000 0.071094 0.058333
0 0.116406 0.581944 0.018750 0.030556
0 0.092969 0.586111 0.018750 0.022222
0 0.708203 0.564583 0.113281 0.090278
0 0.624609 0.571528 0.078906 0.059722
0 0.952344 0.528472 0.028125 0.034722
0 0.853906 0.583333 0.123438 0.086111
0 0.911719 0.538194 0.042188 0.037500
0 0.317578 0.577083 0.047656 0.037500
0 0.791406 0.544444 0.046875 0.047222
3 0.971875 0.547917 0.051562 0.087500
