2 0.202344 0.564583 0.068750 0.068056
0 0.116016 0.598611 0.047656 0.052778
0 0.416797 0.591667 0.110156 0.061111
0 0.200781 0.595833 0.090625 0.061111
0 0.368750 0.573611 0.059375 0.041667
0 0.630859 0.564583 0.113281 0.090278
0 0.553125 0.572917 0.075000 0.048611
0 0.952344 0.528472 0.028125 0.034722
0 0.748437 0.586111 0.129688 0.086111
0 0.287891 0.578472 0.041406 0.037500
0 0.791406 0.544444 0.046875 0.047222
3 0.925781 0.547222 0.096875 0.091667
0 0.834375 0.544444 0.034375 0.041667
0 0.480469 0.562500 0.026562 0.038889
0 0.505078 0.559722 0.025781 0.036111
