2 0.180469 0.560417 0.046875 0.054167
0 0.084766 0.598611 0.047656 0.052778
0 0.351953 0.590278 0.110156 0.061111
0 0.162109 0.596528 0.069531 0.065278
0 0.557031 0.565278 0.106250 0.086111
0 0.486719 0.573611 0.062500 0.047222
0 0.952344 0.528472 0.028125 0.034722
0 0.646484 0.585417 0.124219 0.076389
0 0.264453 0.575000 0.035156 0.030556
0 0.791406 0.544444 0.046875 0.047222
3 0.858984 0.554861 0.102344 0.090278
3 0.744531 0.547917 0.037500 0.051389
0 0.391016 0.570139 0.025781 0.029167
0 0.415234 0.561111 0.028906 0.033333
3 0.710156 0.545833 0.029687 0.044444
