2 0.174609 0.559028 0.035156 0.051389
0 0.058984 0.597222 0.047656 0.052778
0 0.288672 0.587500 0.080469 0.063889
0 0.126172 0.596528 0.069531 0.065278
0 0.493750 0.568750 0.092188 0.079167
0 0.433594 0.575000 0.062500 0.047222
0 0.952344 0.528472 0.028125 0.034722
0 0.551562 0.586111 0.117188 0.072222
0 0.239063 0.577083 0.032813 0.026389
3 0.778906 0.561111 0.103125 0.083333
0 0.910547 0.538889 0.038281 0.038889
0 0.391016 0.570139 0.025781 0.029167
0 0.643750 0.552083 0.032813 0.037500
0 0.672266 0.552083 0.032031 0.034722
3 0.710156 0.545833 0.029687 0.044444
