2 0.161719 0.563194 0.035937 0.054167
0 0.041406 0.602083 0.035937 0.045833
0 0.233594 0.592361 0.070312 0.059722
0 0.093359 0.595833 0.057031 0.058333
0 0.435937 0.562500 0.076563 0.055556
0 0.383984 0.575000 0.049219 0.044444
0 0.466406 0.586806 0.092188 0.062500
3 0.698047 0.563889 0.108594 0.080556
0 0.789844 0.543750 0.050000 0.045833
0 0.834375 0.546528 0.042188 0.040278
0 0.924219 0.568750 0.112500 0.098611
0 0.527344 0.561111 0.028125 0.033333
0 0.597266 0.559028 0.033594 0.034722
3 0.710156 0.545833 0.029687 0.044444
