2 0.153906 0.561806 0.032813 0.051389
0 0.192188 0.593750 0.060937 0.048611
0 0.065234 0.593056 0.057031 0.058333
0 0.342969 0.574306 0.040625 0.043056
0 0.398438 0.579861 0.082812 0.059722
3 0.619141 0.561111 0.108594 0.080556
0 0.789844 0.543750 0.050000 0.045833
0 0.821484 0.578472 0.125781 0.090278
0 0.114844 0.583333 0.020313 0.027778
0 0.254297 0.577083 0.036719 0.034722
0 0.910937 0.538889 0.042188 0.041667
0 0.951172 0.527778 0.027344 0.036111
3 0.743359 0.543750 0.042969 0.048611
5 0.464453 0.569444 0.038281 0.058333
0 0.480469 0.562500 0.026562 0.038889
0 0.505078 0.559722 0.025781 0.036111
0 0.527344 0.561111 0.028125 0.033333
0 0.643750 0.552083 0.032813 0.037500
0 0.672266 0.552083 0.032031 0.034722
