2 0.148828 0.564583 0.032031 0.045833
0 0.151562 0.595139 0.054688 0.040278
0 0.347656 0.578472 0.067187 0.051389
5 0.437109 0.565278 0.038281 0.063889
3 0.555859 0.565278 0.108594 0.080556
0 0.789844 0.543750 0.050000 0.045833
0 0.713672 0.577083 0.125781 0.090278
0 0.114844 0.583333 0.020313 0.027778
0 0.234375 0.575000 0.034375 0.030556
0 0.910937 0.538889 0.042188 0.041667
0 0.951172 0.527778 0.027344 0.036111
0 0.042188 0.597917 0.042188 0.048611
0 0.837500 0.545139 0.037500 0.040278
0 0.415234 0.561111 0.028906 0.033333
0 0.480469 0.562500 0.026562 0.038889
0 0.597266 0.559028 0.033594 0.034722
0 0.643750 0.552083 0.032813 0.037500
0 0.672266 0.552083 0.032031 0.034722
