2 0.141797 0.562500 0.028906 0.050000
0 0.118359 0.595833 0.047656 0.041667
0 0.302344 0.581944 0.056250 0.044444
5 0.413281 0.570139 0.032813 0.056944
3 0.487500 0.565278 0.095312 0.069444
0 0.789844 0.543750 0.050000 0.045833
0 0.613672 0.581250 0.125781 0.090278
0 0.217578 0.576389 0.033594 0.030556
0 0.837500 0.545139 0.037500 0.040278
0 0.173828 0.577083 0.024219 0.026389
3 0.745313 0.545139 0.039062 0.048611
3 0.950000 0.552083 0.085938 0.098611
0 0.391016 0.570139 0.025781 0.029167
0 0.672266 0.552083 0.032031 0.034722
3 0.710156 0.545833 0.029687 0.044444
0 0.330078 0.572917 0.041406 0.051389
