2 0.141797 0.562500 0.028906 0.050000
0 0.084375 0.595139 0.039062 0.037500
0 0.268359 0.584028 0.047656 0.043056
3 0.430469 0.567361 0.081250 0.065278
0 0.789844 0.543750 0.050000 0.045833
0 0.523047 0.581944 0.108594 0.072222
0 0.205469 0.576389 0.025000 0.030556
0 0.164844 0.578472 0.023438 0.031944
3 0.745313 0.545139 0.039062 0.048611
3 0.879687 0.552083 0.085938 0.098611
0 0.115234 0.584028 0.019531 0.029167
3 0.951172 0.561806 0.088281 0.118056
0 0.480469 0.562500 0.026562 0.038889
0 0.597266 0.559028 0.033594 0.034722
0 0.643750 0.552083 0.032813 0.037500
0 0.672266 0.552083 0.032031 0.034722
3 0.710156 0.545833 0.029687 0.044444
0 0.299609 0.574306 0.041406 0.043056
