0 0.056641 0.595833 0.032031 0.033333
0 0.244922 0.581944 0.038281 0.044444
3 0.383594 0.570139 0.064062 0.059722
0 0.447656 0.580556 0.090625 0.063889
0 0.191406 0.575694 0.025000 0.031944
0 0.150391 0.577083 0.021094 0.026389
3 0.745313 0.545139 0.039062 0.048611
3 0.789453 0.555556 0.069531 0.100000
0 0.115234 0.584028 0.019531 0.029167
3 0.871094 0.569444 0.140625 0.122222
0 0.910156 0.540278 0.037500 0.041667
0 0.951953 0.530556 0.030469 0.038889
0 0.505078 0.559722 0.025781 0.036111
0 0.527344 0.561111 0.028125 0.033333
0 0.597266 0.559028 0.033594 0.034722
0 0.643750 0.552083 0.032813 0.037500
0 0.672266 0.552083 0.032031 0.034722
3 0.710156 0.545833 0.029687 0.044444
0 0.276172 0.577083 0.030469 0.048611
