0 0.223047 0.578472 0.032031 0.040278
3 0.351172 0.570139 0.053906 0.059722
0 0.393750 0.575000 0.090625 0.063889
0 0.180469 0.577778 0.023438 0.027778
0 0.115234 0.584028 0.019531 0.029167
3 0.758203 0.578472 0.147656 0.106944
0 0.910156 0.540278 0.037500 0.041667
0 0.951953 0.530556 0.030469 0.038889
0 0.480469 0.562500 0.026562 0.038889
0 0.505078 0.559722 0.025781 0.036111
0 0.527344 0.561111 0.028125 0.033333
0 0.597266 0.559028 0.033594 0.034722
0 0.643750 0.552083 0.032813 0.037500
0 0.250781 0.573611 0.032813 0.047222
