0 0.205469 0.582639 0.026562 0.034722
0 0.344141 0.581250 0.069531 0.056944
0 0.180469 0.577778 0.023438 0.027778
0 0.115234 0.584028 0.019531 0.029167
3 0.648047 0.575694 0.147656 0.106944
0 0.910156 0.540278 0.037500 0.041667
0 0.793359 0.540972 0.047656 0.048611
0 0.835547 0.547222 0.038281 0.044444
3 0.748047 0.545833 0.046094 0.050000
0 0.391016 0.570139 0.025781 0.029167
0 0.415234 0.561111 0.028906 0.033333
0 0.480469 0.562500 0.026562 0.038889
0 0.505078 0.559722 0.025781 0.036111
0 0.527344 0.561111 0.028125 0.033333
3 0.710156 0.545833 0.029687 0.044444
3 0.305859 0.574306 0.028906 0.048611
0 0.234766 0.576389 0.033594 0.047222
