0 0.307031 0.581944 0.062500 0.047222
0 0.115234 0.584028 0.019531 0.029167
3 0.549219 0.575000 0.132812 0.091667
0 0.793359 0.540972 0.047656 0.048611
0 0.835547 0.547222 0.038281 0.044444
3 0.746094 0.543750 0.050000 0.045833
0 0.214453 0.575000 0.035156 0.033333
2 0.946875 0.525000 0.096875 0.144444
3 0.596875 0.559722 0.104688 0.088889
0 0.391016 0.570139 0.025781 0.029167
0 0.415234 0.561111 0.028906 0.033333
0 0.480469 0.562500 0.026562 0.038889
0 0.672266 0.552083 0.032031 0.034722
3 0.710156 0.545833 0.029687 0.044444
