0 0.273438 0.579861 0.050000 0.045833
0 0.115234 0.584028 0.019531 0.029167
3 0.525781 0.567361 0.106250 0.076389
0 0.793359 0.540972 0.047656 0.048611
0 0.835547 0.547222 0.038281 0.044444
3 0.746094 0.543750 0.050000 0.045833
0 0.201563 0.574306 0.031250 0.034722
2 0.919922 0.518750 0.141406 0.140278
3 0.464453 0.572917 0.103906 0.076389
0 0.964063 0.569444 0.067187 0.119444
0 0.391016 0.570139 0.025781 0.029167
0 0.597266 0.559028 0.033594 0.034722
0 0.643750 0.552083 0.032813 0.037500
0 0.672266 0.552083 0.032031 0.034722
3 0.710156 0.545833 0.029687 0.044444
