0 0.226172 0.578472 0.033594 0.037500
0 0.115234 0.584028 0.019531 0.029167
3 0.420703 0.572222 0.092969 0.072222
2 0.837109 0.529861 0.225781 0.148611
3 0.348438 0.571528 0.078125 0.073611
0 0.771484 0.590278 0.144531 0.119444
0 0.970703 0.558333 0.053906 0.083333
0 0.480469 0.562500 0.026562 0.038889
0 0.505078 0.559722 0.025781 0.036111
0 0.527344 0.561111 0.028125 0.033333
0 0.597266 0.559028 0.033594 0.034722
0 0.643750 0.552083 0.032813 0.037500
0 0.672266 0.552083 0.032031 0.034722
3 0.710156 0.545833 0.029687 0.044444
