0 0.115234 0.584028 0.019531 0.029167
2 0.552344 0.536806 0.193750 0.109722
3 0.210156 0.573611 0.037500 0.047222
0 0.253906 0.597917 0.092188 0.073611
0 0.643750 0.569444 0.104688 0.077778
0 0.912891 0.536806 0.039844 0.043056
0 0.951953 0.527778 0.030469 0.041667
0 0.832422 0.547222 0.042969 0.047222
0 0.792188 0.543056 0.042188 0.047222
0 0.556250 0.575694 0.131250 0.081944
3 0.743750 0.543056 0.039062 0.044444
0 0.391016 0.570139 0.025781 0.029167
0 0.415234 0.561111 0.028906 0.033333
3 0.710156 0.545833 0.029687 0.044444
