0 0.115234 0.584028 0.019531 0.029167
2 0.503125 0.552083 0.193750 0.109722
0 0.200391 0.595833 0.075781 0.063889
0 0.578125 0.566667 0.104688 0.077778
0 0.832422 0.547222 0.042969 0.047222
0 0.792188 0.543056 0.042188 0.047222
0 0.465234 0.579861 0.100781 0.073611
3 0.743750 0.543056 0.039062 0.044444
3 0.942969 0.554861 0.107813 0.095833
0 0.960156 0.563194 0.068750 0.081944
3 0.250000 0.570833 0.043750 0.044444
0 0.391016 0.570139 0.025781 0.029167
0 0.643750 0.552083 0.032813 0.037500
0 0.672266 0.552083 0.032031 0.034722
3 0.710156 0.545833 0.029687 0.044444
