0 0.115234 0.584028 0.019531 0.029167
2 0.458594 0.547917 0.162500 0.104167
0 0.156641 0.596528 0.060156 0.059722
0 0.517969 0.566667 0.104688 0.077778
0 0.792188 0.543750 0.053125 0.051389
0 0.388672 0.575000 0.086719 0.066667
3 0.743750 0.543056 0.039062 0.044444
3 0.886719 0.551389 0.112500 0.094444
0 0.904687 0.572222 0.098437 0.072222
0 0.951953 0.528472 0.024219 0.034722
3 0.237891 0.573611 0.036719 0.041667
0 0.597266 0.559028 0.033594 0.034722
0 0.643750 0.552083 0.032813 0.037500
0 0.672266 0.552083 0.032031 0.034722
3 0.710156 0.545833 0.029687 0.044444
