2 0.412891 0.549306 0.146094 0.090278
0 0.120703 0.597222 0.047656 0.052778
0 0.466406 0.572222 0.079687 0.063889
0 0.339453 0.579861 0.064844 0.059722
3 0.743750 0.543056 0.039062 0.044444
3 0.815234 0.555556 0.108594 0.083333
0 0.819141 0.577083 0.108594 0.076389
0 0.951953 0.528472 0.024219 0.034722
3 0.171484 0.575000 0.024219 0.044444
3 0.220703 0.572917 0.041406 0.040278
0 0.910937 0.536806 0.040625 0.043056
0 0.527344 0.561111 0.028125 0.033333
0 0.597266 0.559028 0.033594 0.034722
0 0.643750 0.552083 0.032813 0.037500
0 0.672266 0.552083 0.032031 0.034722
3 0.710156 0.545833 0.029687 0.044444
