2 0.379297 0.550000 0.132031 0.080556
0 0.085938 0.599306 0.037500 0.054167
0 0.423438 0.573611 0.079687 0.063889
0 0.299219 0.577083 0.060937 0.054167
0 0.744141 0.579861 0.108594 0.076389
0 0.951953 0.528472 0.024219 0.034722
3 0.162500 0.573611 0.026562 0.030556
3 0.209375 0.571528 0.034375 0.040278
0 0.910937 0.536806 0.040625 0.043056
0 0.830469 0.545833 0.043750 0.047222
0 0.480469 0.562500 0.026562 0.038889
0 0.505078 0.559722 0.025781 0.036111
0 0.527344 0.561111 0.028125 0.033333
0 0.597266 0.559028 0.033594 0.034722
0 0.643750 0.552083 0.032813 0.037500
0 0.672266 0.552083 0.032031 0.034722
