2 0.343359 0.553472 0.103906 0.081944
0 0.061719 0.600694 0.043750 0.051389
0 0.383203 0.578472 0.061719 0.054167
0 0.262500 0.578472 0.050000 0.043056
0 0.662891 0.581250 0.097656 0.065278
3 0.151562 0.573611 0.023438 0.030556
3 0.200781 0.572917 0.028125 0.045833
0 0.830469 0.545833 0.043750 0.047222
0 0.114844 0.582639 0.018750 0.029167
0 0.789844 0.543056 0.051562 0.052778
0 0.910547 0.563889 0.107031 0.086111
0 0.480469 0.562500 0.026562 0.038889
0 0.505078 0.559722 0.025781 0.036111
0 0.527344 0.561111 0.028125 0.033333
0 0.597266 0.559028 0.033594 0.034722
