2 0.318359 0.554167 0.092969 0.077778
0 0.042188 0.602083 0.034375 0.045833
0 0.351172 0.574306 0.061719 0.054167
0 0.238281 0.578472 0.039062 0.045833
0 0.590234 0.577083 0.097656 0.065278
3 0.144922 0.573611 0.019531 0.030556
3 0.188672 0.571528 0.027344 0.045833
0 0.114844 0.582639 0.018750 0.029167
0 0.789844 0.543056 0.051562 0.052778
0 0.810156 0.579167 0.125000 0.091667
3 0.631641 0.560417 0.088281 0.070833
3 0.744141 0.547222 0.042969 0.047222
0 0.910547 0.538889 0.042969 0.044444
0 0.953125 0.531250 0.037500 0.040278
0 0.391016 0.570139 0.025781 0.029167
0 0.415234 0.561111 0.028906 0.033333
0 0.480469 0.562500 0.026562 0.038889
0 0.505078 0.559722 0.025781 0.036111
0 0.527344 0.561111 0.028125 0.033333
0 0.672266 0.552083 0.032031 0.034722
3 0.710156 0.545833 0.029687 0.044444
