2 0.291797 0.557639 0.085156 0.065278
0 0.323047 0.576389 0.052344 0.047222
0 0.213281 0.577083 0.037500 0.037500
0 0.520703 0.581250 0.086719 0.054167
3 0.138672 0.572222 0.024219 0.027778
3 0.180078 0.571528 0.028906 0.045833
0 0.116406 0.584028 0.021875 0.031944
0 0.789844 0.543056 0.051562 0.052778
0 0.692969 0.577083 0.132812 0.095833
3 0.577734 0.568750 0.088281 0.070833
0 0.910547 0.538889 0.042969 0.044444
0 0.093750 0.586806 0.018750 0.029167
0 0.074219 0.588194 0.015625 0.031944
0 0.832031 0.545139 0.043750 0.045833
0 0.951172 0.552083 0.088281 0.084722
0 0.391016 0.570139 0.025781 0.029167
0 0.415234 0.561111 0.028906 0.033333
0 0.480469 0.562500 0.026562 0.038889
0 0.643750 0.552083 0.032813 0.037500
