2 0.269922 0.563194 0.074219 0.065278
0 0.296484 0.576389 0.052344 0.047222
0 0.197656 0.578472 0.032813 0.034722
0 0.469922 0.581250 0.086719 0.054167
3 0.173437 0.572917 0.020313 0.034722
0 0.116406 0.584028 0.021875 0.031944
0 0.789844 0.543056 0.051562 0.052778
0 0.576953 0.581944 0.121094 0.077778
0 0.093750 0.586806 0.018750 0.029167
0 0.074219 0.588194 0.015625 0.031944
0 0.832031 0.545139 0.043750 0.045833
0 0.955859 0.537500 0.047656 0.036111
3 0.745703 0.545833 0.041406 0.050000
0 0.872266 0.565972 0.100781 0.059722
0 0.391016 0.570139 0.025781 0.029167
0 0.415234 0.561111 0.028906 0.033333
0 0.643750 0.552083 0.032813 0.037500
0 0.672266 0.552083 0.032031 0.034722
