2 0.253516 0.562500 0.057031 0.066667
0 0.275391 0.575000 0.044531 0.038889
0 0.182812 0.578472 0.026562 0.031944
0 0.420703 0.577778 0.071094 0.044444
0 0.116406 0.584028 0.021875 0.031944
0 0.480078 0.577778 0.103906 0.066667
0 0.093750 0.586806 0.018750 0.029167
0 0.074219 0.588194 0.015625 0.031944
0 0.832031 0.545139 0.043750 0.045833
0 0.951562 0.538889 0.042188 0.038889
3 0.743750 0.542361 0.045312 0.043056
0 0.782031 0.566667 0.107813 0.063889
0 0.911328 0.538889 0.042969 0.044444
0 0.391016 0.570139 0.025781 0.029167
0 0.527344 0.561111 0.028125 0.033333
0 0.597266 0.559028 0.033594 0.034722
0 0.643750 0.552083 0.032813 0.037500
0 0.672266 0.552083 0.032031 0.034722
