2 0.233984 0.563194 0.049219 0.056944
0 0.259375 0.575000 0.037500 0.041667
0 0.167969 0.576389 0.028125 0.025000
0 0.116406 0.584028 0.021875 0.031944
0 0.397266 0.577778 0.089844 0.072222
0 0.093750 0.586806 0.018750 0.029167
0 0.074219 0.588194 0.015625 0.031944
0 0.832031 0.545139 0.043750 0.045833
0 0.951562 0.538889 0.042188 0.038889
3 0.743750 0.542361 0.045312 0.043056
0 0.693750 0.569444 0.107813 0.063889
0 0.911328 0.538889 0.042969 0.044444
3 0.448047 0.563889 0.050781 0.066667
0 0.787891 0.545139 0.047656 0.054167
0 0.480469 0.562500 0.026562 0.038889
0 0.505078 0.559722 0.025781 0.036111
0 0.527344 0.561111 0.028125 0.033333
0 0.597266 0.559028 0.033594 0.034722
0 0.643750 0.552083 0.032813 0.037500
