2 0.227344 0.564583 0.062500 0.059722
0 0.241406 0.577778 0.035937 0.038889
0 0.158594 0.577083 0.023438 0.023611
0 0.116406 0.584028 0.021875 0.031944
0 0.335156 0.579861 0.070312 0.056944
0 0.093750 0.586806 0.018750 0.029167
0 0.074219 0.588194 0.015625 0.031944
0 0.832031 0.545139 0.043750 0.045833
3 0.742969 0.545833 0.046875 0.050000
0 0.607812 0.575000 0.107813 0.063889
0 0.911328 0.538889 0.042969 0.044444
3 0.407422 0.568750 0.078906 0.065278
0 0.787891 0.545139 0.047656 0.054167
0 0.956250 0.564583 0.073438 0.090278
0 0.480469 0.562500 0.026562 0.038889
0 0.505078 0.559722 0.025781 0.036111
0 0.527344 0.561111 0.028125 0.033333
0 0.643750 0.552083 0.032813 0.037500
0 0.672266 0.552083 0.032031 0.034722
3 0.710156 0.545833 0.029687 0.044444
