2 0.212500 0.566667 0.054688 0.055556
0 0.227344 0.575694 0.034375 0.031944
0 0.150391 0.577778 0.022656 0.025000
0 0.116406 0.584028 0.021875 0.031944
0 0.287109 0.579861 0.050781 0.045833
0 0.093750 0.586806 0.018750 0.029167
0 0.074219 0.588194 0.015625 0.031944
0 0.832031 0.545139 0.043750 0.045833
3 0.742969 0.545833 0.046875 0.050000
0 0.525000 0.577778 0.107813 0.063889
3 0.374609 0.573611 0.057031 0.061111
0 0.787891 0.545139 0.047656 0.054167
0 0.895312 0.570833 0.075000 0.072222
0 0.324219 0.579167 0.035937 0.047222
0 0.948047 0.538194 0.030469 0.037500
0 0.415234 0.561111 0.028906 0.033333
0 0.480469 0.562500 0.026562 0.038889
0 0.597266 0.559028 0.033594 0.034722
0 0.643750 0.552083 0.032813 0.037500
0 0.672266 0.552083 0.032031 0.034722
3 0.710156 0.545833 0.029687 0.044444
