2 0.199609 0.565278 0.044531 0.052778
0 0.214844 0.577083 0.029687 0.034722
0 0.142969 0.577778 0.020313 0.019444
0 0.116406 0.584028 0.021875 0.031944
0 0.250391 0.579861 0.042969 0.040278
0 0.093750 0.586806 0.018750 0.029167
0 0.074219 0.588194 0.015625 0.031944
3 0.742969 0.545833 0.046875 0.050000
0 0.448437 0.575694 0.085938 0.059722
3 0.342969 0.572222 0.054688 0.052778
0 0.787891 0.545139 0.047656 0.054167
0 0.816797 0.572222 0.091406 0.072222
0 0.291797 0.578472 0.044531 0.048611
0 0.948047 0.538194 0.030469 0.037500
0 0.911328 0.536806 0.039844 0.043056
0 0.391016 0.570139 0.025781 0.029167
0 0.415234 0.561111 0.028906 0.033333
0 0.505078 0.559722 0.025781 0.036111
0 0.527344 0.561111 0.028125 0.033333
0 0.597266 0.559028 0.033594 0.034722
0 0.643750 0.552083 0.032813 0.037500
0 0.672266 0.552083 0.032031 0.034722
3 0.710156 0.545833 0.029687 0.044444
