2 0.191016 0.562500 0.049219 0.052778
0 0.203125 0.576389 0.025000 0.036111
0 0.142969 0.577778 0.020313 0.019444
0 0.116406 0.584028 0.021875 0.031944
0 0.225391 0.579167 0.036719 0.041667
0 0.093750 0.586806 0.018750 0.029167
0 0.074219 0.588194 0.015625 0.031944
0 0.387500 0.577083 0.070312 0.054167
3 0.322656 0.573611 0.051562 0.050000
0 0.739453 0.575000 0.091406 0.072222
0 0.268359 0.577778 0.033594 0.038889
0 0.948047 0.538194 0.030469 0.037500
0 0.911328 0.536806 0.039844 0.043056
0 0.833203 0.547222 0.041406 0.041667
0 0.480469 0.562500 0.026562 0.038889
0 0.505078 0.559722 0.025781 0.036111
0 0.527344 0.561111 0.028125 0.033333
0 0.597266 0.559028 0.033594 0.034722
0 0.643750 0.552083 0.032813 0.037500
3 0.710156 0.545833 0.029687 0.044444
