2 0.183203 0.563194 0.044531 0.051389
0 0.142969 0.577778 0.020313 0.019444
0 0.116406 0.584028 0.021875 0.031944
0 0.202734 0.581944 0.035156 0.033333
0 0.093750 0.586806 0.018750 0.029167
0 0.074219 0.588194 0.015625 0.031944
0 0.339453 0.581250 0.061719 0.045833
3 0.300781 0.571528 0.042188 0.045833
0 0.663672 0.572222 0.091406 0.072222
0 0.248438 0.579167 0.034375 0.038889
0 0.948047 0.538194 0.030469 0.037500
0 0.911328 0.536806 0.039844 0.043056
0 0.832031 0.546528 0.043750 0.040278
3 0.746484 0.545833 0.039844 0.050000
0 0.793359 0.542361 0.047656 0.048611
0 0.968750 0.561111 0.051562 0.097222
0 0.391016 0.570139 0.025781 0.029167
0 0.415234 0.561111 0.028906 0.033333
0 0.480469 0.562500 0.026562 0.038889
0 0.505078 0.559722 0.025781 0.036111
0 0.527344 0.561111 0.028125 0.033333
0 0.597266 0.559028 0.033594 0.034722
3 0.710156 0.545833 0.029687 0.044444
