2 0.175000 0.562500 0.048438 0.050000
0 0.116406 0.584028 0.021875 0.031944
0 0.185938 0.579861 0.035937 0.034722
0 0.093750 0.586806 0.018750 0.029167
0 0.074219 0.588194 0.015625 0.031944
0 0.297266 0.581944 0.055469 0.041667
0 0.595703 0.575000 0.091406 0.072222
0 0.235156 0.579167 0.034375 0.038889
0 0.832031 0.546528 0.043750 0.040278
3 0.746484 0.545833 0.039844 0.050000
0 0.793359 0.542361 0.047656 0.048611
0 0.919531 0.563889 0.085938 0.088889
0 0.962500 0.568056 0.070312 0.125000
0 0.391016 0.570139 0.025781 0.029167
0 0.415234 0.561111 0.028906 0.033333
0 0.480469 0.562500 0.026562 0.038889
0 0.505078 0.559722 0.025781 0.036111
0 0.527344 0.561111 0.028125 0.033333
0 0.643750 0.552083 0.032813 0.037500
3 0.710156 0.545833 0.029687 0.044444
