2 0.167187 0.563889 0.042188 0.047222
0 0.116406 0.584028 0.021875 0.031944
0 0.173047 0.580556 0.032031 0.027778
0 0.093750 0.586806 0.018750 0.029167
0 0.074219 0.588194 0.015625 0.031944
0 0.267188 0.578472 0.045312 0.043056
0 0.528906 0.575000 0.079687 0.066667
0 0.220312 0.578472 0.026562 0.034722
3 0.744141 0.544444 0.044531 0.047222
0 0.793359 0.542361 0.047656 0.048611
0 0.882812 0.572917 0.135937 0.120833
2 0.050781 0.580556 0.020313 0.047222
0 0.391016 0.570139 0.025781 0.029167
0 0.415234 0.561111 0.028906 0.033333
0 0.480469 0.562500 0.026562 0.038889
0 0.597266 0.559028 0.033594 0.034722
0 0.643750 0.552083 0.032813 0.037500
0 0.672266 0.552083 0.032031 0.034722
3 0.710156 0.545833 0.029687 0.044444
