2 0.164453 0.566667 0.036719 0.041667
0 0.116406 0.584028 0.021875 0.031944
0 0.156641 0.578472 0.027344 0.026389
0 0.093750 0.586806 0.018750 0.029167
0 0.074219 0.588194 0.015625 0.031944
0 0.236719 0.581944 0.037500 0.036111
0 0.478125 0.572222 0.079687 0.066667
0 0.208594 0.580556 0.025000 0.033333
3 0.744141 0.544444 0.044531 0.047222
0 0.774609 0.581250 0.147656 0.118056
2 0.051953 0.580556 0.022656 0.047222
0 0.907813 0.538194 0.039062 0.045833
0 0.945312 0.537500 0.031250 0.038889
0 0.391016 0.570139 0.025781 0.029167
0 0.415234 0.561111 0.028906 0.033333
0 0.527344 0.561111 0.028125 0.033333
0 0.597266 0.559028 0.033594 0.034722
0 0.643750 0.552083 0.032813 0.037500
0 0.672266 0.552083 0.032031 0.034722
