0 0.116406 0.584028 0.021875 0.031944
0 0.093750 0.586806 0.018750 0.029167
0 0.074219 0.588194 0.015625 0.031944
3 0.244922 0.576389 0.028906 0.033333
0 0.426172 0.577083 0.061719 0.056944
0 0.213281 0.579861 0.035937 0.031944
0 0.654687 0.588194 0.153125 0.112500
2 0.051953 0.580556 0.022656 0.047222
0 0.790625 0.543056 0.048438 0.050000
0 0.833203 0.544444 0.041406 0.044444
0 0.912500 0.552083 0.079687 0.070833
0 0.946094 0.565972 0.075000 0.076389
0 0.391016 0.570139 0.025781 0.029167
0 0.480469 0.562500 0.026562 0.038889
0 0.505078 0.559722 0.025781 0.036111
0 0.527344 0.561111 0.028125 0.033333
0 0.597266 0.559028 0.033594 0.034722
