0 0.116406 0.584028 0.021875 0.031944
0 0.093750 0.586806 0.018750 0.029167
0 0.074219 0.588194 0.015625 0.031944
3 0.232813 0.576389 0.034375 0.033333
0 0.383203 0.577778 0.055469 0.050000
0 0.196484 0.580556 0.036719 0.036111
0 0.533984 0.589583 0.141406 0.118056
2 0.051953 0.580556 0.022656 0.047222
0 0.790625 0.543056 0.048438 0.050000
0 0.636719 0.573611 0.079687 0.077778
3 0.743750 0.545139 0.042188 0.045833
0 0.829688 0.557639 0.090625 0.073611
0 0.900391 0.572222 0.116406 0.116667
0 0.415234 0.561111 0.028906 0.033333
0 0.480469 0.562500 0.026562 0.038889
0 0.505078 0.559722 0.025781 0.036111
0 0.672266 0.552083 0.032031 0.034722
3 0.710156 0.545833 0.029687 0.044444
