0 0.116406 0.584028 0.021875 0.031944
0 0.093750 0.586806 0.018750 0.029167
0 0.074219 0.588194 0.015625 0.031944
3 0.218359 0.575694 0.032031 0.034722
0 0.350781 0.578472 0.050000 0.045833
0 0.180859 0.578472 0.025781 0.037500
0 0.429688 0.592361 0.129688 0.098611
2 0.051953 0.580556 0.022656 0.047222
0 0.556641 0.571528 0.091406 0.073611
0 0.769922 0.571528 0.130469 0.109722
0 0.909766 0.538194 0.041406 0.045833
0 0.948438 0.540278 0.031250 0.041667
0 0.391016 0.570139 0.025781 0.029167
0 0.505078 0.559722 0.025781 0.036111
0 0.672266 0.552083 0.032031 0.034722
3 0.710156 0.545833 0.029687 0.044444
