0 0.116406 0.584028 0.021875 0.031944
0 0.093750 0.586806 0.018750 0.029167
0 0.074219 0.588194 0.015625 0.031944
3 0.208203 0.575694 0.028906 0.034722
0 0.169141 0.578472 0.022656 0.031944
0 0.342187 0.595833 0.115625 0.094444
2 0.051953 0.580556 0.022656 0.047222
0 0.499609 0.570139 0.091406 0.073611
0 0.750391 0.571528 0.113281 0.068056
0 0.909766 0.538194 0.041406 0.045833
0 0.948438 0.540278 0.031250 0.041667
0 0.639062 0.577778 0.128125 0.088889
0 0.834375 0.546528 0.035937 0.043056
0 0.415234 0.561111 0.028906 0.033333
3 0.710156 0.545833 0.029687 0.044444
