0 0.116406 0.584028 0.021875 0.031944
0 0.093750 0.586806 0.018750 0.029167
0 0.074219 0.588194 0.015625 0.031944
3 0.198047 0.575000 0.025781 0.027778
0 0.160938 0.578472 0.025000 0.034722
0 0.269141 0.591667 0.094531 0.075000
2 0.051953 0.580556 0.022656 0.047222
0 0.442188 0.575000 0.073438 0.063889
0 0.674609 0.574306 0.105469 0.070833
0 0.909766 0.538194 0.041406 0.045833
0 0.948438 0.540278 0.031250 0.041667
0 0.521484 0.578472 0.102344 0.079167
0 0.834375 0.546528 0.035937 0.043056
3 0.744141 0.545139 0.038281 0.048611
0 0.788672 0.543056 0.050781 0.050000
0 0.391016 0.570139 0.025781 0.029167
0 0.643750 0.552083 0.032813 0.037500
3 0.710156 0.545833 0.029687 0.044444
