0 0.116406 0.584028 0.021875 0.031944
0 0.093750 0.586806 0.018750 0.029167
0 0.074219 0.588194 0.015625 0.031944
0 0.211719 0.588889 0.076563 0.072222
2 0.051953 0.580556 0.022656 0.047222
0 0.426563 0.577083 0.081250 0.070833
0 0.599609 0.575694 0.105469 0.070833
0 0.909766 0.538194 0.041406 0.045833
0 0.948438 0.540278 0.031250 0.041667
0 0.496484 0.568056 0.058594 0.052778
0 0.834375 0.546528 0.035937 0.043056
3 0.744141 0.545139 0.038281 0.048611
0 0.788672 0.543056 0.050781 0.050000
0 0.272656 0.580556 0.035937 0.038889
0 0.527344 0.561111 0.028125 0.033333
0 0.672266 0.552083 0.032031 0.034722
