0 0.116406 0.584028 0.021875 0.031944
0 0.093750 0.586806 0.018750 0.029167
0 0.074219 0.588194 0.015625 0.031944
0 0.161328 0.593750 0.067969 0.062500
2 0.051953 0.580556 0.022656 0.047222
0 0.358984 0.576389 0.067969 0.066667
0 0.539062 0.581250 0.101562 0.059722
0 0.431250 0.569444 0.064062 0.055556
0 0.834375 0.546528 0.035937 0.043056
3 0.744141 0.545139 0.038281 0.048611
0 0.788672 0.543056 0.050781 0.050000
0 0.254688 0.579167 0.031250 0.036111
0 0.934766 0.557639 0.100781 0.093056
0 0.480469 0.562500 0.026562 0.038889
0 0.505078 0.559722 0.025781 0.036111
0 0.597266 0.559028 0.033594 0.034722
0 0.643750 0.552083 0.032813 0.037500
0 0.672266 0.552083 0.032031 0.034722
3 0.710156 0.545833 0.029687 0.044444
