0 0.093750 0.586806 0.018750 0.029167
0 0.074219 0.588194 0.015625 0.031944
0 0.121484 0.593750 0.050781 0.056944
2 0.051953 0.580556 0.022656 0.047222
0 0.302734 0.581250 0.055469 0.048611
0 0.483984 0.576389 0.085156 0.058333
0 0.381250 0.572222 0.056250 0.050000
3 0.744141 0.545139 0.038281 0.048611
0 0.788672 0.543056 0.050781 0.050000
0 0.238281 0.577778 0.031250 0.030556
0 0.865625 0.561806 0.110937 0.093056
0 0.948438 0.535417 0.031250 0.040278
0 0.415234 0.561111 0.028906 0.033333
0 0.527344 0.561111 0.028125 0.033333
0 0.597266 0.559028 0.033594 0.034722
0 0.643750 0.552083 0.032813 0.037500
0 0.672266 0.552083 0.032031 0.034722
3 0.710156 0.545833 0.029687 0.044444
