3 0.435937 0.560417 0.106250 0.093056
0 0.762500 0.740278 0.368750 0.297222
0 0.545312 0.655556 0.121875 0.147222
0 0.759766 0.549306 0.053906 0.031944
0 0.817187 0.545139 0.043750 0.034722
0 0.859766 0.543056 0.047656 0.036111
0 0.900391 0.536806 0.038281 0.037500
0 0.223438 0.616667 0.068750 0.075000
0 0.148438 0.590278 0.034375 0.033333
0 0.111719 0.594444 0.025000 0.030556
0 0.072266 0.590278 0.017969 0.038889
0 0.089063 0.589583 0.018750 0.026389
0 0.510547 0.560417 0.030469 0.031944
0 0.598047 0.555556 0.032031 0.030556
0 0.622656 0.549306 0.015625 0.023611
0 0.644922 0.552083 0.025781 0.026389
0 0.675000 0.550694 0.028125 0.023611
3 0.714453 0.541667 0.035156 0.041667
