0 0.759375 0.554167 0.053125 0.033333
0 0.821094 0.543056 0.048438 0.036111
0 0.860547 0.546528 0.044531 0.043056
3 0.975391 0.519444 0.044531 0.075000
0 0.504687 0.621528 0.093750 0.098611
0 0.688672 0.718056 0.307031 0.344444
0 0.114453 0.611806 0.049219 0.065278
0 0.156250 0.599306 0.037500 0.043056
0 0.901563 0.540278 0.034375 0.036111
0 0.316797 0.630556 0.116406 0.111111
0 0.173047 0.588194 0.027344 0.040278
0 0.082422 0.586806 0.016406 0.031944
0 0.394141 0.568056 0.033594 0.030556
0 0.478516 0.561806 0.025781 0.029167
0 0.510547 0.560417 0.030469 0.031944
3 0.714453 0.541667 0.035156 0.041667
