3 0.869922 0.575694 0.260156 0.393056
3 0.309766 0.613194 0.150781 0.156944
0 0.754687 0.768056 0.425000 0.352778
0 0.191797 0.639583 0.103906 0.123611
0 0.224219 0.591667 0.026562 0.069444
0 0.132031 0.602778 0.026562 0.050000
0 0.168750 0.574306 0.034375 0.018056
3 0.119141 0.577778 0.024219 0.044444
3 0.082422 0.585417 0.016406 0.034722
0 0.056250 0.588194 0.015625 0.020833
0 0.394141 0.569444 0.033594 0.030556
0 0.478516 0.561806 0.025781 0.029167
0 0.510547 0.560417 0.030469 0.031944
0 0.554688 0.561806 0.025000 0.023611
0 0.598047 0.555556 0.032031 0.030556
0 0.623437 0.549306 0.015625 0.023611
0 0.644922 0.553472 0.025781 0.026389
0 0.675000 0.552083 0.028125 0.023611
3 0.715234 0.541667 0.035156 0.041667
