3 0.939844 0.575694 0.120313 0.401389
3 0.358203 0.619444 0.185156 0.169444
0 0.969141 0.752778 0.061719 0.341667
0 0.258594 0.672917 0.153125 0.181944
0 0.154688 0.602778 0.043750 0.050000
3 0.129297 0.574306 0.025781 0.048611
3 0.085938 0.584028 0.021875 0.037500
0 0.057813 0.593056 0.018750 0.027778
0 0.859375 0.543056 0.046875 0.041667
0 0.819922 0.545833 0.044531 0.041667
0 0.760547 0.552778 0.053906 0.038889
0 0.478516 0.561806 0.025781 0.029167
0 0.510547 0.560417 0.030469 0.031944
0 0.554688 0.561806 0.025000 0.023611
0 0.598047 0.555556 0.032031 0.030556
0 0.623437 0.549306 0.015625 0.023611
0 0.644922 0.553472 0.025781 0.026389
0 0.675000 0.552083 0.028125 0.023611
3 0.715234 0.541667 0.035156 0.041667
