3 0.422266 0.620139 0.221094 0.184722
0 0.386719 0.711806 0.275000 0.254167
0 0.173047 0.607639 0.052344 0.062500
3 0.139453 0.574306 0.032031 0.051389
3 0.091016 0.582639 0.021094 0.037500
0 0.060156 0.589583 0.018750 0.029167
0 0.859375 0.543056 0.046875 0.041667
0 0.819922 0.545833 0.044531 0.041667
0 0.760547 0.552778 0.053906 0.038889
0 0.901172 0.536806 0.035156 0.037500
3 0.929688 0.520833 0.034375 0.038889
3 0.952734 0.529167 0.028906 0.030556
0 0.210938 0.593056 0.056250 0.061111
0 0.105078 0.586806 0.014844 0.020833
0 0.510547 0.560417 0.030469 0.031944
0 0.554688 0.561806 0.025000 0.023611
0 0.598047 0.555556 0.032031 0.030556
0 0.623437 0.549306 0.015625 0.023611
0 0.649609 0.552083 0.016406 0.029167
0 0.675000 0.552083 0.028125 0.023611
3 0.715234 0.541667 0.035156 0.041667
