3 0.491016 0.629167 0.252344 0.205556
0 0.643359 0.761806 0.430469 0.368056
0 0.191797 0.609722 0.066406 0.075000
3 0.151172 0.575694 0.038281 0.059722
3 0.092578 0.580556 0.019531 0.047222
0 0.061328 0.591667 0.021094 0.030556
0 0.859375 0.543056 0.046875 0.041667
0 0.819922 0.545833 0.044531 0.041667
0 0.760547 0.552778 0.053906 0.038889
0 0.901172 0.536806 0.035156 0.037500
3 0.929688 0.520833 0.034375 0.038889
3 0.952734 0.529167 0.028906 0.030556
0 0.236719 0.593750 0.065625 0.062500
0 0.110547 0.588194 0.017969 0.026389
0 0.357812 0.607639 0.040625 0.098611
0 0.623437 0.549306 0.015625 0.023611
0 0.644922 0.553472 0.025781 0.026389
0 0.675000 0.552083 0.028125 0.023611
3 0.715234 0.541667 0.035156 0.041667
