3 0.606641 0.644444 0.317969 0.252778
0 0.900391 0.759028 0.197656 0.381944
0 0.212891 0.618056 0.075781 0.088889
3 0.163281 0.577778 0.043750 0.069444
3 0.096875 0.585417 0.025000 0.048611
0 0.065234 0.595139 0.025781 0.037500
0 0.859375 0.543056 0.046875 0.041667
0 0.819922 0.545833 0.044531 0.041667
0 0.760547 0.552778 0.053906 0.038889
0 0.901172 0.536806 0.035156 0.037500
3 0.929688 0.520833 0.034375 0.038889
3 0.952734 0.529167 0.028906 0.030556
0 0.267578 0.599306 0.080469 0.073611
0 0.117578 0.590278 0.019531 0.027778
0 0.439063 0.613194 0.037500 0.115278
0 0.409766 0.584028 0.038281 0.051389
0 0.394141 0.569444 0.033594 0.030556
3 0.715234 0.541667 0.035156 0.041667
