3 0.729688 0.645833 0.340625 0.269444
0 0.243750 0.624306 0.093750 0.093056
3 0.178125 0.580556 0.050000 0.077778
3 0.103125 0.587500 0.025000 0.050000
0 0.070703 0.593056 0.025781 0.044444
0 0.859375 0.543056 0.046875 0.041667
0 0.901172 0.536806 0.035156 0.037500
3 0.929688 0.520833 0.034375 0.038889
3 0.952734 0.529167 0.028906 0.030556
0 0.316016 0.604167 0.097656 0.091667
0 0.126172 0.589583 0.021094 0.029167
0 0.548438 0.622917 0.040625 0.131944
0 0.492969 0.577083 0.082812 0.059722
0 0.394141 0.569444 0.033594 0.030556
