3 0.944141 0.630556 0.111719 0.288889
0 0.323828 0.643056 0.138281 0.130556
3 0.221094 0.579167 0.067187 0.094444
3 0.117578 0.586806 0.030469 0.056944
0 0.087891 0.600694 0.033594 0.054167
0 0.451172 0.611806 0.147656 0.118056
0 0.145313 0.591667 0.025000 0.030556
0 0.854297 0.611806 0.075781 0.168056
0 0.645703 0.570139 0.107031 0.062500
0 0.759766 0.552778 0.053906 0.041667
0 0.817578 0.544444 0.044531 0.036111
0 0.394141 0.569444 0.033594 0.030556
0 0.478516 0.561806 0.025781 0.029167
0 0.510547 0.560417 0.030469 0.031944
0 0.554688 0.561806 0.025000 0.023611
0 0.598047 0.555556 0.032031 0.030556
3 0.715234 0.541667 0.035156 0.041667
