0 0.384766 0.645833 0.174219 0.147222
3 0.249609 0.584028 0.082031 0.104167
3 0.130469 0.588194 0.037500 0.059722
0 0.101172 0.600694 0.042969 0.059722
0 0.553516 0.618056 0.178906 0.130556
0 0.158984 0.591667 0.025781 0.030556
0 0.974219 0.605556 0.051562 0.169444
0 0.714063 0.570833 0.100000 0.058333
0 0.759766 0.552778 0.053906 0.041667
0 0.817578 0.544444 0.044531 0.036111
0 0.859766 0.544444 0.047656 0.044444
0 0.897266 0.535417 0.035156 0.031944
0 0.925000 0.536806 0.031250 0.034722
0 0.394141 0.569444 0.033594 0.030556
0 0.598047 0.555556 0.032031 0.030556
0 0.623437 0.549306 0.015625 0.023611
0 0.644922 0.553472 0.025781 0.026389
