0 0.466797 0.655556 0.214844 0.158333
3 0.285547 0.585417 0.100781 0.120833
3 0.145313 0.588194 0.034375 0.062500
0 0.120313 0.609722 0.050000 0.075000
0 0.676172 0.621528 0.202344 0.134722
0 0.172266 0.591667 0.030469 0.038889
0 0.778516 0.565278 0.089844 0.052778
0 0.817578 0.544444 0.044531 0.036111
0 0.859766 0.544444 0.047656 0.044444
0 0.897266 0.535417 0.035156 0.031944
0 0.925000 0.536806 0.031250 0.034722
0 0.394141 0.569444 0.033594 0.030556
0 0.478516 0.561806 0.025781 0.029167
0 0.510547 0.560417 0.030469 0.031944
0 0.554688 0.561806 0.025000 0.023611
3 0.715234 0.541667 0.035156 0.041667
