0 0.571875 0.672222 0.275000 0.186111
3 0.330469 0.586806 0.121875 0.140278
3 0.162891 0.577083 0.033594 0.056944
0 0.148047 0.624306 0.074219 0.095833
0 0.810937 0.618056 0.203125 0.155556
0 0.190625 0.591667 0.029687 0.041667
0 0.859766 0.544444 0.047656 0.044444
0 0.897266 0.535417 0.035156 0.031944
0 0.925000 0.536806 0.031250 0.034722
0 0.844922 0.554167 0.060156 0.044444
0 0.394141 0.569444 0.033594 0.030556
0 0.478516 0.561806 0.025781 0.029167
0 0.510547 0.560417 0.030469 0.031944
0 0.554688 0.561806 0.025000 0.023611
0 0.598047 0.555556 0.032031 0.030556
0 0.623437 0.549306 0.015625 0.023611
0 0.644922 0.553472 0.025781 0.026389
0 0.675000 0.552083 0.028125 0.023611
3 0.715234 0.541667 0.035156 0.041667
