0 0.709766 0.663194 0.288281 0.204167
3 0.389453 0.586806 0.152344 0.148611
3 0.169141 0.565278 0.046094 0.030556
0 0.187891 0.638194 0.107031 0.129167
0 0.925391 0.613194 0.149219 0.156944
0 0.210547 0.589583 0.032031 0.045833
0 0.859766 0.544444 0.047656 0.044444
3 0.929297 0.519444 0.032031 0.030556
0 0.818750 0.547222 0.043750 0.038889
0 0.760547 0.552083 0.052344 0.029167
0 0.132422 0.593056 0.019531 0.030556
0 0.101953 0.586806 0.017969 0.026389
0 0.478516 0.561806 0.025781 0.029167
0 0.510547 0.560417 0.030469 0.031944
0 0.554688 0.561806 0.025000 0.023611
0 0.598047 0.555556 0.032031 0.030556
0 0.623437 0.549306 0.015625 0.023611
0 0.644922 0.553472 0.025781 0.026389
0 0.675000 0.552083 0.028125 0.023611
3 0.715234 0.541667 0.035156 0.041667
