0 0.864453 0.674306 0.269531 0.206944
3 0.464453 0.593056 0.185156 0.175000
3 0.187891 0.595833 0.061719 0.091667
0 0.260937 0.668056 0.162500 0.175000
0 0.859766 0.544444 0.047656 0.044444
3 0.929297 0.519444 0.032031 0.030556
0 0.818750 0.547222 0.043750 0.038889
0 0.760547 0.552083 0.052344 0.029167
0 0.143750 0.590972 0.025000 0.037500
0 0.107813 0.585417 0.021875 0.031944
0 0.923438 0.547917 0.053125 0.040278
0 0.554688 0.561806 0.025000 0.023611
0 0.598047 0.555556 0.032031 0.030556
0 0.623437 0.549306 0.015625 0.023611
0 0.644922 0.553472 0.025781 0.026389
0 0.675000 0.552083 0.028125 0.023611
3 0.715234 0.541667 0.035156 0.041667
