0 0.944531 0.677083 0.109375 0.215278
3 0.559766 0.594444 0.219531 0.200000
3 0.218359 0.606944 0.089844 0.119444
0 0.401562 0.718056 0.284375 0.266667
0 0.859766 0.544444 0.047656 0.044444
3 0.929297 0.519444 0.032031 0.030556
0 0.818750 0.547222 0.043750 0.038889
0 0.760547 0.552083 0.052344 0.029167
0 0.156250 0.589583 0.037500 0.040278
0 0.114453 0.586806 0.024219 0.031944
0 0.955469 0.543056 0.043750 0.047222
0 0.892969 0.543056 0.034375 0.033333
0 0.266016 0.602778 0.025781 0.047222
0 0.394141 0.569444 0.033594 0.030556
0 0.675000 0.552083 0.028125 0.023611
3 0.715234 0.541667 0.035156 0.041667
0 0.645703 0.550694 0.022656 0.031944
