3 0.680859 0.584722 0.244531 0.186111
3 0.251563 0.615972 0.114062 0.137500
0 0.666016 0.774306 0.439844 0.368056
0 0.859766 0.544444 0.047656 0.044444
3 0.929297 0.519444 0.032031 0.030556
0 0.818750 0.547222 0.043750 0.038889
0 0.777344 0.549306 0.018750 0.023611
0 0.172656 0.591667 0.040625 0.044444
0 0.121875 0.586806 0.025000 0.031944
0 0.979688 0.538194 0.040625 0.037500
0 0.892969 0.543056 0.034375 0.033333
0 0.309766 0.599306 0.025781 0.054167
0 0.144141 0.583333 0.016406 0.033333
0 0.394141 0.569444 0.033594 0.030556
0 0.478516 0.561806 0.025781 0.029167
0 0.510547 0.560417 0.030469 0.031944
0 0.554688 0.561806 0.025000 0.023611
