3 0.805078 0.594444 0.224219 0.222222
3 0.297266 0.625694 0.142969 0.154167
0 0.914062 0.763194 0.171875 0.379167
3 0.929297 0.519444 0.032031 0.030556
0 0.188281 0.593056 0.043750 0.050000
0 0.129688 0.590278 0.025000 0.036111
0 0.156641 0.584722 0.025781 0.036111
0 0.394141 0.569444 0.033594 0.030556
0 0.478516 0.561806 0.025781 0.029167
0 0.510547 0.560417 0.030469 0.031944
0 0.554688 0.561806 0.025000 0.023611
0 0.598047 0.555556 0.032031 0.030556
0 0.623437 0.549306 0.015625 0.023611
0 0.644922 0.553472 0.025781 0.026389
0 0.675000 0.552083 0.028125 0.023611
