3 0.919141 0.586806 0.161719 0.231944
3 0.362891 0.627778 0.183594 0.175000
0 0.206250 0.593056 0.056250 0.052778
0 0.137891 0.589583 0.030469 0.037500
0 0.170703 0.581944 0.024219 0.038889
0 0.817578 0.545833 0.042969 0.041667
0 0.760938 0.552083 0.050000 0.034722
0 0.478516 0.561806 0.025781 0.029167
0 0.510547 0.560417 0.030469 0.031944
0 0.554688 0.561806 0.025000 0.023611
0 0.598047 0.555556 0.032031 0.030556
0 0.623437 0.549306 0.015625 0.023611
0 0.644922 0.553472 0.025781 0.026389
0 0.675000 0.552083 0.028125 0.023611
3 0.715234 0.541667 0.035156 0.041667
