3 0.447656 0.636806 0.246875 0.206944
0 0.232813 0.597917 0.064062 0.059722
0 0.150391 0.588889 0.033594 0.036111
0 0.190625 0.585417 0.029687 0.040278
0 0.817578 0.545833 0.042969 0.041667
0 0.760938 0.552083 0.050000 0.034722
0 0.857812 0.543056 0.043750 0.036111
0 0.893359 0.543056 0.035156 0.038889
3 0.930469 0.522917 0.034375 0.045833
0 0.400391 0.594444 0.058594 0.044444
0 0.394141 0.569444 0.033594 0.030556
0 0.554688 0.561806 0.025000 0.023611
0 0.598047 0.555556 0.032031 0.030556
0 0.623437 0.549306 0.015625 0.023611
0 0.644922 0.553472 0.025781 0.026389
0 0.675000 0.552083 0.028125 0.023611
3 0.713672 0.538889 0.035156 0.041667
