3 0.571094 0.656250 0.296875 0.231944
0 0.262891 0.602083 0.074219 0.070833
0 0.164453 0.591667 0.035156 0.038889
0 0.216797 0.586806 0.032031 0.040278
0 0.817578 0.545833 0.042969 0.041667
0 0.760938 0.552083 0.050000 0.034722
0 0.857812 0.543056 0.043750 0.036111
0 0.893359 0.543056 0.035156 0.038889
3 0.930469 0.522917 0.034375 0.045833
0 0.505078 0.599306 0.124219 0.056944
3 0.951562 0.528472 0.037500 0.037500
3 0.132422 0.580556 0.022656 0.033333
0 0.103125 0.586806 0.018750 0.029167
0 0.065625 0.593056 0.015625 0.030556
0 0.394141 0.569444 0.033594 0.030556
0 0.478516 0.561806 0.025781 0.029167
0 0.510547 0.560417 0.030469 0.031944
0 0.554688 0.561806 0.025000 0.023611
3 0.715234 0.541667 0.035156 0.041667
