3 0.730078 0.650694 0.327344 0.256944
0 0.295312 0.603472 0.090625 0.076389
0 0.177344 0.589583 0.046875 0.040278
0 0.244531 0.584028 0.039062 0.045833
0 0.857812 0.543056 0.043750 0.036111
0 0.893359 0.543056 0.035156 0.038889
3 0.930469 0.522917 0.034375 0.045833
0 0.637500 0.625694 0.200000 0.106944
3 0.951562 0.528472 0.037500 0.037500
3 0.143359 0.583333 0.025781 0.036111
0 0.112891 0.586806 0.024219 0.031944
0 0.069141 0.593056 0.022656 0.030556
0 0.394141 0.569444 0.033594 0.030556
0 0.478516 0.561806 0.025781 0.029167
0 0.510547 0.560417 0.030469 0.031944
0 0.554688 0.561806 0.025000 0.023611
0 0.598047 0.555556 0.032031 0.030556
0 0.623437 0.549306 0.015625 0.023611
0 0.644922 0.553472 0.025781 0.026389
0 0.675000 0.552083 0.028125 0.023611
3 0.715234 0.541667 0.035156 0.041667
