3 0.878906 0.643056 0.240625 0.275000
0 0.341016 0.611806 0.108594 0.084722
0 0.194922 0.594444 0.049219 0.044444
0 0.283594 0.585417 0.040625 0.043056
0 0.857812 0.543056 0.043750 0.036111
0 0.893359 0.543056 0.035156 0.038889
3 0.930469 0.522917 0.034375 0.045833
0 0.761328 0.630556 0.203906 0.130556
3 0.158203 0.581944 0.035156 0.038889
0 0.116797 0.585417 0.025781 0.037500
0 0.072266 0.593056 0.024219 0.033333
0 0.816797 0.549306 0.041406 0.037500
0 0.760938 0.550694 0.050000 0.034722
0 0.394141 0.569444 0.033594 0.030556
0 0.478516 0.561806 0.025781 0.029167
0 0.510547 0.560417 0.030469 0.031944
0 0.554688 0.561806 0.025000 0.023611
0 0.598047 0.555556 0.032031 0.030556
0 0.623437 0.549306 0.015625 0.023611
0 0.644922 0.553472 0.025781 0.026389
0 0.675000 0.552083 0.028125 0.023611
3 0.715234 0.541667 0.035156 0.041667
