0 0.399609 0.618056 0.135156 0.094444
0 0.215625 0.595139 0.056250 0.051389
0 0.334375 0.584028 0.040625 0.043056
0 0.857812 0.543056 0.043750 0.036111
0 0.893359 0.543056 0.035156 0.038889
3 0.930469 0.522917 0.034375 0.045833
0 0.891016 0.626389 0.186719 0.122222
3 0.174609 0.581944 0.035156 0.036111
0 0.124609 0.586806 0.025781 0.037500
0 0.076172 0.594444 0.024219 0.036111
0 0.816797 0.549306 0.041406 0.037500
0 0.760938 0.550694 0.050000 0.034722
3 0.950781 0.525694 0.034375 0.031944
3 0.101172 0.579167 0.017969 0.033333
0 0.478516 0.561806 0.025781 0.029167
0 0.510547 0.560417 0.030469 0.031944
0 0.554688 0.561806 0.025000 0.023611
0 0.598047 0.555556 0.032031 0.030556
0 0.623437 0.549306 0.015625 0.023611
0 0.644922 0.553472 0.025781 0.026389
0 0.675000 0.552083 0.028125 0.023611
3 0.715234 0.541667 0.035156 0.041667
