0 0.473438 0.619444 0.159375 0.108333
0 0.239063 0.600694 0.062500 0.062500
0 0.399219 0.584028 0.054688 0.054167
0 0.857812 0.543056 0.043750 0.036111
0 0.893359 0.543056 0.035156 0.038889
3 0.930469 0.522917 0.034375 0.045833
0 0.961328 0.618056 0.075781 0.136111
3 0.195312 0.580556 0.040625 0.050000
0 0.132812 0.584722 0.028125 0.036111
0 0.080078 0.597917 0.030469 0.043056
0 0.816797 0.549306 0.041406 0.037500
0 0.760938 0.550694 0.050000 0.034722
3 0.950781 0.525694 0.034375 0.031944
3 0.109375 0.581944 0.018750 0.038889
0 0.478516 0.561806 0.025781 0.029167
0 0.510547 0.560417 0.030469 0.031944
0 0.554688 0.561806 0.025000 0.023611
0 0.598047 0.555556 0.032031 0.030556
0 0.623437 0.549306 0.015625 0.023611
0 0.644922 0.553472 0.025781 0.026389
0 0.675000 0.552083 0.028125 0.023611
3 0.715234 0.541667 0.035156 0.041667
