0 0.566406 0.627083 0.187500 0.120833
0 0.270313 0.602083 0.076563 0.068056
0 0.476953 0.579167 0.071094 0.058333
0 0.857812 0.543056 0.043750 0.036111
0 0.893359 0.543056 0.035156 0.038889
3 0.930469 0.522917 0.034375 0.045833
3 0.220703 0.579167 0.047656 0.047222
0 0.142187 0.586806 0.031250 0.040278
0 0.089063 0.597917 0.029687 0.043056
0 0.816797 0.549306 0.041406 0.037500
0 0.760938 0.550694 0.050000 0.034722
3 0.950781 0.525694 0.034375 0.031944
3 0.117188 0.582639 0.018750 0.040278
0 0.394141 0.569444 0.033594 0.030556
0 0.510547 0.560417 0.030469 0.031944
0 0.554688 0.561806 0.025000 0.023611
0 0.598047 0.555556 0.032031 0.030556
0 0.623437 0.549306 0.015625 0.023611
0 0.644922 0.553472 0.025781 0.026389
0 0.675000 0.552083 0.028125 0.023611
3 0.715234 0.541667 0.035156 0.041667
