0 0.675391 0.633333 0.208594 0.130556
0 0.308203 0.605556 0.094531 0.077778
0 0.562891 0.575694 0.077344 0.059722
0 0.857812 0.543056 0.043750 0.036111
0 0.893359 0.543056 0.035156 0.038889
3 0.930469 0.522917 0.034375 0.045833
3 0.253125 0.579167 0.050000 0.044444
0 0.151953 0.585417 0.028906 0.043056
0 0.097266 0.601389 0.032031 0.050000
0 0.816797 0.549306 0.041406 0.037500
0 0.760938 0.550694 0.050000 0.034722
3 0.950781 0.525694 0.034375 0.031944
3 0.114844 0.583333 0.026562 0.047222
0 0.394141 0.569444 0.033594 0.030556
0 0.478516 0.561806 0.025781 0.029167
0 0.510547 0.560417 0.030469 0.031944
0 0.623437 0.549306 0.015625 0.023611
0 0.644922 0.553472 0.025781 0.026389
0 0.675000 0.552083 0.028125 0.023611
3 0.715234 0.541667 0.035156 0.041667
