0 0.796094 0.630556 0.207813 0.130556
0 0.365625 0.615278 0.115625 0.083333
0 0.651953 0.571528 0.077344 0.059722
0 0.857812 0.543056 0.043750 0.036111
0 0.893359 0.543056 0.035156 0.038889
3 0.930469 0.522917 0.034375 0.045833
3 0.298828 0.580556 0.072656 0.055556
0 0.163672 0.586806 0.036719 0.045833
0 0.107813 0.604167 0.039062 0.055556
0 0.816797 0.549306 0.041406 0.037500
0 0.760938 0.550694 0.050000 0.034722
3 0.950781 0.525694 0.034375 0.031944
3 0.127344 0.586806 0.032813 0.062500
0 0.394141 0.569444 0.033594 0.030556
0 0.478516 0.561806 0.025781 0.029167
0 0.510547 0.560417 0.030469 0.031944
0 0.554688 0.561806 0.025000 0.023611
0 0.598047 0.555556 0.032031 0.030556
3 0.715234 0.541667 0.035156 0.041667
