0 0.909766 0.620833 0.180469 0.141667
0 0.433203 0.618056 0.139844 0.094444
0 0.730859 0.570139 0.071094 0.059722
0 0.857812 0.543056 0.043750 0.036111
0 0.893359 0.543056 0.035156 0.038889
3 0.930469 0.522917 0.034375 0.045833
3 0.357422 0.574306 0.089844 0.056944
0 0.180859 0.589583 0.042969 0.051389
0 0.117188 0.606944 0.046875 0.061111
0 0.816797 0.549306 0.041406 0.037500
0 0.760938 0.550694 0.050000 0.034722
3 0.950781 0.525694 0.034375 0.031944
3 0.144141 0.588194 0.035156 0.059722
0 0.478516 0.561806 0.025781 0.029167
0 0.510547 0.560417 0.030469 0.031944
0 0.554688 0.561806 0.025000 0.023611
0 0.598047 0.555556 0.032031 0.030556
0 0.623437 0.549306 0.015625 0.023611
0 0.644922 0.553472 0.025781 0.026389
0 0.675000 0.552083 0.028125 0.023611
