0 0.759375 0.554167 0.053125 0.033333
0 0.821094 0.543056 0.048438 0.036111
0 0.860547 0.546528 0.044531 0.043056
0 0.247266 0.660417 0.142969 0.143056
0 0.901563 0.540278 0.034375 0.036111
0 0.673828 0.672917 0.235156 0.179167
0 0.257812 0.575694 0.034375 0.048611
0 0.093750 0.590278 0.018750 0.027778
3 0.133594 0.585417 0.040625 0.070833
0 0.394141 0.569444 0.033594 0.030556
0 0.478516 0.561806 0.025781 0.029167
0 0.510547 0.560417 0.030469 0.031944
0 0.554688 0.561806 0.025000 0.023611
0 0.598047 0.555556 0.032031 0.030556
0 0.623437 0.549306 0.015625 0.023611
0 0.644922 0.553472 0.025781 0.026389
0 0.675000 0.552083 0.028125 0.023611
3 0.715234 0.541667 0.035156 0.041667
