0 0.965625 0.616667 0.068750 0.130556
0 0.527344 0.622917 0.167187 0.106944
0 0.803516 0.560417 0.060156 0.054167
0 0.857812 0.543056 0.043750 0.036111
0 0.893359 0.543056 0.035156 0.038889
3 0.930469 0.522917 0.034375 0.045833
3 0.418750 0.571528 0.096875 0.068056
0 0.206641 0.590278 0.035156 0.055556
0 0.133203 0.611806 0.055469 0.070833
0 0.760938 0.550694 0.050000 0.034722
3 0.950781 0.525694 0.034375 0.031944
3 0.166406 0.593056 0.050000 0.072222
0 0.478516 0.561806 0.025781 0.029167
0 0.510547 0.560417 0.030469 0.031944
0 0.554688 0.561806 0.025000 0.023611
0 0.598047 0.555556 0.032031 0.030556
0 0.623437 0.549306 0.015625 0.023611
0 0.644922 0.553472 0.025781 0.026389
0 0.675000 0.552083 0.028125 0.023611
3 0.715234 0.541667 0.035156 0.041667
