0 0.639453 0.629167 0.191406 0.116667
0 0.868359 0.555556 0.050781 0.052778
0 0.819922 0.545139 0.041406 0.040278
0 0.895703 0.541667 0.030469 0.033333
3 0.930469 0.522917 0.034375 0.045833
3 0.489453 0.569444 0.105469 0.072222
0 0.234375 0.591667 0.031250 0.058333
0 0.156641 0.622917 0.069531 0.079167
0 0.760938 0.550694 0.050000 0.034722
3 0.950781 0.525694 0.034375 0.031944
3 0.202734 0.594444 0.060156 0.083333
0 0.394141 0.569444 0.033594 0.030556
0 0.478516 0.561806 0.025781 0.029167
0 0.554688 0.561806 0.025000 0.023611
0 0.598047 0.555556 0.032031 0.030556
0 0.623437 0.549306 0.015625 0.023611
0 0.644922 0.553472 0.025781 0.026389
0 0.675000 0.552083 0.028125 0.023611
3 0.715234 0.541667 0.035156 0.041667
