0 0.762500 0.627083 0.193750 0.129167
0 0.912109 0.551389 0.042969 0.047222
0 0.819922 0.545139 0.041406 0.040278
0 0.857422 0.544444 0.044531 0.041667
3 0.930469 0.522917 0.034375 0.045833
3 0.577344 0.566667 0.107813 0.075000
0 0.183594 0.636806 0.084375 0.093056
0 0.760938 0.550694 0.050000 0.034722
3 0.950781 0.525694 0.034375 0.031944
3 0.251563 0.597917 0.084375 0.093056
3 0.163281 0.576389 0.034375 0.038889
0 0.123438 0.593056 0.023438 0.025000
0 0.394141 0.569444 0.033594 0.030556
0 0.478516 0.561806 0.025781 0.029167
0 0.510547 0.560417 0.030469 0.031944
0 0.644922 0.553472 0.025781 0.026389
0 0.675000 0.552083 0.028125 0.023611
3 0.715234 0.541667 0.035156 0.041667
