0 0.881641 0.625000 0.177344 0.125000
0 0.819922 0.545139 0.041406 0.040278
0 0.857422 0.544444 0.044531 0.041667
3 0.930469 0.522917 0.034375 0.045833
3 0.658984 0.561806 0.108594 0.081944
0 0.226172 0.647917 0.117969 0.120833
0 0.760938 0.550694 0.050000 0.034722
3 0.314453 0.615278 0.149219 0.133333
3 0.179297 0.582639 0.042969 0.059722
0 0.133203 0.593056 0.027344 0.030556
0 0.894141 0.541667 0.032031 0.033333
0 0.953516 0.544444 0.038281 0.041667
0 0.394141 0.569444 0.033594 0.030556
0 0.478516 0.561806 0.025781 0.029167
0 0.510547 0.560417 0.030469 0.031944
0 0.554688 0.561806 0.025000 0.023611
0 0.598047 0.555556 0.032031 0.030556
0 0.623437 0.549306 0.015625 0.023611
0 0.648438 0.553472 0.018750 0.026389
3 0.715234 0.541667 0.035156 0.041667
