0 0.951953 0.618056 0.094531 0.136111
0 0.819922 0.545139 0.041406 0.040278
0 0.857422 0.544444 0.044531 0.041667
3 0.930469 0.522917 0.034375 0.045833
3 0.738672 0.556944 0.099219 0.083333
0 0.289453 0.671528 0.172656 0.159722
3 0.432812 0.629167 0.209375 0.169444
3 0.199219 0.580556 0.053125 0.066667
0 0.141016 0.593056 0.028906 0.038889
0 0.894141 0.541667 0.032031 0.033333
0 0.333984 0.588194 0.100781 0.059722
0 0.164062 0.584722 0.015625 0.036111
0 0.117578 0.584722 0.019531 0.036111
0 0.085938 0.585417 0.018750 0.018056
3 0.951953 0.524306 0.033594 0.029167
0 0.394141 0.569444 0.033594 0.030556
0 0.510547 0.560417 0.030469 0.031944
0 0.554688 0.561806 0.025000 0.023611
0 0.598047 0.555556 0.032031 0.030556
0 0.623437 0.549306 0.015625 0.023611
0 0.644922 0.553472 0.025781 0.026389
0 0.675000 0.552083 0.028125 0.023611
3 0.717578 0.543056 0.039844 0.044444
