0 0.857422 0.544444 0.044531 0.041667
3 0.930469 0.522917 0.034375 0.045833
3 0.808203 0.554167 0.085156 0.072222
0 0.400781 0.711806 0.256250 0.215278
3 0.609766 0.636806 0.285156 0.209722
3 0.221484 0.585417 0.060156 0.079167
0 0.154688 0.590972 0.031250 0.037500
0 0.894141 0.541667 0.032031 0.033333
0 0.400781 0.600694 0.137500 0.093056
0 0.184375 0.584028 0.015625 0.040278
0 0.126562 0.583333 0.021875 0.038889
0 0.089063 0.583333 0.018750 0.025000
0 0.762109 0.552083 0.049219 0.034722
0 0.478516 0.561806 0.025781 0.029167
0 0.510547 0.560417 0.030469 0.031944
0 0.554688 0.561806 0.025000 0.023611
0 0.598047 0.555556 0.032031 0.030556
3 0.715234 0.541667 0.035156 0.041667
