3 0.930469 0.522917 0.034375 0.045833
0 0.581641 0.755556 0.377344 0.286111
3 0.830469 0.634028 0.292187 0.223611
3 0.248828 0.589583 0.072656 0.093056
0 0.167187 0.590972 0.040625 0.037500
0 0.485938 0.607639 0.165625 0.098611
0 0.133594 0.585417 0.028125 0.043056
0 0.089063 0.583333 0.018750 0.025000
0 0.762109 0.552083 0.049219 0.034722
0 0.819922 0.546528 0.042969 0.029167
0 0.394141 0.569444 0.033594 0.030556
0 0.554688 0.561806 0.025000 0.023611
0 0.598047 0.555556 0.032031 0.030556
0 0.623437 0.549306 0.015625 0.023611
0 0.644922 0.553472 0.025781 0.026389
0 0.675000 0.552083 0.028125 0.023611
3 0.715234 0.541667 0.035156 0.041667
