0 0.807813 0.755556 0.384375 0.300000
3 0.282813 0.590278 0.090625 0.097222
0 0.182422 0.593056 0.047656 0.044444
0 0.591406 0.609722 0.200000 0.138889
0 0.145313 0.585417 0.031250 0.043056
0 0.089063 0.583333 0.018750 0.025000
0 0.762109 0.552083 0.049219 0.034722
0 0.819922 0.546528 0.042969 0.029167
0 0.858203 0.544444 0.041406 0.041667
3 0.912891 0.539583 0.060156 0.059722
0 0.394141 0.569444 0.033594 0.030556
0 0.478516 0.561806 0.025781 0.029167
0 0.510547 0.560417 0.030469 0.031944
0 0.623437 0.549306 0.015625 0.023611
0 0.644922 0.553472 0.025781 0.026389
0 0.675000 0.552083 0.028125 0.023611
3 0.715234 0.541667 0.035156 0.041667
