3 0.325391 0.593056 0.108594 0.105556
0 0.202344 0.597917 0.057813 0.056944
0 0.706250 0.627778 0.215625 0.155556
0 0.157422 0.584028 0.033594 0.043056
0 0.091797 0.585417 0.017969 0.029167
0 0.762109 0.552083 0.049219 0.034722
0 0.819922 0.546528 0.042969 0.029167
0 0.858203 0.544444 0.041406 0.041667
3 0.946875 0.538194 0.053125 0.056944
0 0.894141 0.541667 0.030469 0.033333
0 0.133203 0.580556 0.013281 0.022222
0 0.394141 0.569444 0.033594 0.030556
0 0.478516 0.561806 0.025781 0.029167
0 0.510547 0.560417 0.030469 0.031944
0 0.554688 0.561806 0.025000 0.023611
0 0.598047 0.555556 0.032031 0.030556
3 0.715234 0.541667 0.035156 0.041667
