3 0.379688 0.593056 0.131250 0.119444
0 0.225781 0.600694 0.070312 0.068056
0 0.820703 0.625694 0.203906 0.156944
0 0.171484 0.583333 0.038281 0.047222
0 0.092188 0.583333 0.018750 0.027778
0 0.858203 0.544444 0.041406 0.041667
3 0.977344 0.532639 0.042188 0.051389
0 0.894141 0.541667 0.030469 0.033333
0 0.138672 0.582639 0.022656 0.026389
3 0.927734 0.520833 0.033594 0.044444
3 0.950000 0.529167 0.034375 0.041667
0 0.478516 0.561806 0.025781 0.029167
0 0.510547 0.560417 0.030469 0.031944
0 0.554688 0.561806 0.025000 0.023611
0 0.598047 0.555556 0.032031 0.030556
0 0.623437 0.549306 0.015625 0.023611
0 0.644922 0.553472 0.025781 0.026389
0 0.675000 0.552083 0.028125 0.023611
3 0.715234 0.541667 0.035156 0.041667
