0 0.759375 0.554167 0.053125 0.033333
0 0.821094 0.543056 0.048438 0.036111
0 0.860547 0.546528 0.044531 0.043056
0 0.392969 0.700694 0.260937 0.240278
0 0.901563 0.540278 0.034375 0.036111
0 0.859766 0.669444 0.217969 0.191667
0 0.299219 0.574306 0.048438 0.054167
0 0.095703 0.591667 0.024219 0.030556
3 0.145313 0.585417 0.046875 0.081944
0 0.245703 0.622917 0.075781 0.087500
0 0.113281 0.588194 0.017188 0.026389
0 0.393750 0.569444 0.031250 0.030556
0 0.478516 0.561806 0.025781 0.029167
0 0.510547 0.560417 0.030469 0.031944
0 0.554688 0.561806 0.025000 0.023611
0 0.598047 0.555556 0.032031 0.030556
0 0.623437 0.549306 0.015625 0.023611
0 0.644922 0.553472 0.025781 0.026389
0 0.675000 0.552083 0.028125 0.023611
3 0.715234 0.541667 0.035156 0.041667
