3 0.446875 0.597917 0.162500 0.143056
0 0.257812 0.600694 0.081250 0.073611
0 0.917969 0.616667 0.164062 0.158333
0 0.186719 0.586806 0.048438 0.051389
0 0.092969 0.584028 0.020313 0.026389
0 0.858203 0.544444 0.041406 0.041667
0 0.139453 0.580556 0.021094 0.025000
3 0.927734 0.520833 0.033594 0.044444
3 0.950000 0.529167 0.034375 0.041667
0 0.817187 0.547917 0.040625 0.040278
0 0.760938 0.550694 0.051562 0.034722
0 0.554688 0.561806 0.025000 0.023611
0 0.598047 0.555556 0.032031 0.030556
0 0.623437 0.549306 0.015625 0.023611
0 0.644922 0.553472 0.025781 0.026389
0 0.675000 0.552083 0.028125 0.023611
3 0.715234 0.541667 0.035156 0.041667
