3 0.525391 0.600694 0.191406 0.156944
0 0.297266 0.606944 0.100781 0.080556
0 0.969141 0.616667 0.060156 0.161111
0 0.207813 0.588889 0.064062 0.063889
0 0.092969 0.584028 0.020313 0.026389
0 0.858203 0.544444 0.041406 0.041667
0 0.139453 0.580556 0.021094 0.025000
3 0.927734 0.520833 0.033594 0.044444
3 0.950000 0.529167 0.034375 0.041667
0 0.817187 0.547917 0.040625 0.040278
0 0.760938 0.550694 0.051562 0.034722
0 0.894141 0.544444 0.030469 0.036111
0 0.394141 0.569444 0.033594 0.030556
0 0.623437 0.549306 0.015625 0.023611
0 0.644922 0.553472 0.025781 0.026389
0 0.675000 0.552083 0.028125 0.023611
3 0.715234 0.541667 0.035156 0.041667
