3 0.612891 0.600694 0.217969 0.168056
0 0.344141 0.611806 0.117969 0.090278
0 0.228125 0.590278 0.071875 0.072222
0 0.094141 0.583333 0.021094 0.027778
0 0.858203 0.544444 0.041406 0.041667
0 0.141016 0.580556 0.017969 0.022222
3 0.927734 0.520833 0.033594 0.044444
3 0.950000 0.529167 0.034375 0.041667
0 0.817187 0.547917 0.040625 0.040278
0 0.760938 0.550694 0.051562 0.034722
0 0.894141 0.544444 0.030469 0.036111
0 0.394141 0.569444 0.033594 0.030556
0 0.478516 0.561806 0.025781 0.029167
0 0.502344 0.560417 0.014063 0.031944
3 0.715234 0.541667 0.035156 0.041667
