3 0.801172 0.600694 0.213281 0.179167
0 0.458984 0.624306 0.166406 0.106944
0 0.290625 0.593056 0.090625 0.080556
0 0.094141 0.583333 0.021094 0.027778
0 0.142578 0.580556 0.021094 0.022222
3 0.927734 0.520833 0.033594 0.044444
3 0.950000 0.529167 0.034375 0.041667
0 0.894141 0.544444 0.030469 0.036111
0 0.394141 0.569444 0.033594 0.030556
0 0.478516 0.561806 0.025781 0.029167
0 0.510547 0.560417 0.030469 0.031944
0 0.554688 0.561806 0.025000 0.023611
0 0.598047 0.555556 0.032031 0.030556
0 0.623437 0.549306 0.015625 0.023611
0 0.644922 0.553472 0.025781 0.026389
0 0.675000 0.552083 0.028125 0.023611
