0 0.759375 0.554167 0.053125 0.033333
0 0.821094 0.543056 0.048438 0.036111
0 0.860547 0.546528 0.044531 0.043056
0 0.696875 0.759722 0.421875 0.361111
0 0.901563 0.540278 0.034375 0.036111
0 0.350391 0.579167 0.078906 0.058333
0 0.100391 0.593056 0.024219 0.033333
3 0.158594 0.586806 0.057813 0.093056
0 0.304688 0.635417 0.115625 0.106944
0 0.123047 0.588194 0.019531 0.026389
0 0.395313 0.564583 0.028125 0.029167
0 0.478516 0.561806 0.025781 0.029167
0 0.510547 0.560417 0.030469 0.031944
0 0.554688 0.561806 0.025000 0.023611
0 0.598047 0.555556 0.032031 0.030556
0 0.623437 0.549306 0.015625 0.023611
0 0.644922 0.553472 0.025781 0.026389
0 0.675000 0.552083 0.028125 0.023611
3 0.715234 0.541667 0.035156 0.041667
