0 0.917188 0.634028 0.165625 0.148611
0 0.593359 0.611806 0.202344 0.134722
0 0.094141 0.583333 0.021094 0.027778
0 0.142578 0.580556 0.021094 0.022222
0 0.758984 0.551389 0.055469 0.038889
0 0.819141 0.546528 0.044531 0.037500
0 0.855469 0.545833 0.045312 0.038889
0 0.073047 0.586806 0.013281 0.023611
0 0.894141 0.540972 0.030469 0.037500
3 0.930078 0.520833 0.032031 0.038889
3 0.948828 0.531944 0.030469 0.033333
0 0.114453 0.580556 0.014844 0.025000
0 0.394141 0.569444 0.033594 0.030556
0 0.478516 0.561806 0.025781 0.029167
0 0.510547 0.560417 0.030469 0.031944
0 0.623437 0.549306 0.015625 0.023611
0 0.644922 0.553472 0.025781 0.026389
0 0.675000 0.552083 0.028125 0.023611
3 0.715234 0.541667 0.035156 0.041667
