0 0.970703 0.568056 0.057031 0.094444
0 0.832812 0.607639 0.206250 0.151389
0 0.094141 0.583333 0.021094 0.027778
0 0.142578 0.580556 0.021094 0.022222
0 0.073047 0.586806 0.013281 0.023611
0 0.894141 0.540972 0.030469 0.037500
3 0.930078 0.520833 0.032031 0.038889
3 0.948828 0.531944 0.030469 0.033333
0 0.119141 0.580556 0.014844 0.027778
0 0.394141 0.569444 0.033594 0.030556
0 0.478516 0.561806 0.025781 0.029167
0 0.510547 0.560417 0.030469 0.031944
0 0.554688 0.561806 0.025000 0.023611
0 0.598047 0.555556 0.032031 0.030556
0 0.623437 0.549306 0.015625 0.023611
0 0.644922 0.553472 0.025781 0.026389
0 0.675000 0.552083 0.028125 0.023611
3 0.715234 0.541667 0.035156 0.041667
