0 0.957422 0.593056 0.085156 0.147222
0 0.644141 0.605556 0.169531 0.097222
0 0.094141 0.583333 0.021094 0.027778
0 0.142578 0.580556 0.021094 0.022222
0 0.073047 0.586806 0.013281 0.023611
3 0.930078 0.520833 0.032031 0.038889
0 0.119141 0.580556 0.014844 0.027778
0 0.761328 0.549306 0.050781 0.031944
0 0.819141 0.549306 0.039844 0.031944
0 0.855078 0.541667 0.038281 0.033333
0 0.884766 0.574306 0.100781 0.084722
0 0.394141 0.569444 0.033594 0.030556
0 0.478516 0.561806 0.025781 0.029167
0 0.510547 0.560417 0.030469 0.031944
0 0.554688 0.561806 0.025000 0.023611
0 0.598047 0.555556 0.032031 0.030556
0 0.623437 0.549306 0.015625 0.023611
0 0.644922 0.553472 0.025781 0.026389
3 0.715234 0.541667 0.035156 0.041667
