0 0.362891 0.604167 0.122656 0.066667
0 0.094141 0.583333 0.021094 0.027778
0 0.142578 0.580556 0.021094 0.022222
0 0.073047 0.586806 0.013281 0.023611
3 0.930078 0.520833 0.032031 0.038889
0 0.119141 0.580556 0.014844 0.027778
0 0.894531 0.545833 0.031250 0.041667
0 0.682813 0.581944 0.125000 0.094444
3 0.951562 0.525694 0.034375 0.029167
0 0.855469 0.545139 0.039062 0.034722
0 0.939063 0.565278 0.089063 0.055556
0 0.761328 0.554167 0.047656 0.030556
0 0.817578 0.545833 0.039844 0.047222
0 0.478516 0.561806 0.025781 0.029167
0 0.510547 0.560417 0.030469 0.031944
0 0.554688 0.561806 0.025000 0.023611
0 0.598047 0.555556 0.032031 0.030556
0 0.623437 0.549306 0.015625 0.023611
0 0.644922 0.553472 0.025781 0.026389
