0 0.292187 0.602083 0.103125 0.068056
0 0.094141 0.583333 0.021094 0.027778
0 0.142578 0.580556 0.021094 0.022222
0 0.073047 0.586806 0.013281 0.023611
3 0.930078 0.520833 0.032031 0.038889
0 0.119141 0.580556 0.014844 0.027778
0 0.612109 0.585417 0.124219 0.084722
3 0.951562 0.525694 0.034375 0.029167
0 0.855469 0.545139 0.039062 0.034722
0 0.885547 0.570139 0.085156 0.065278
0 0.761328 0.554167 0.047656 0.030556
0 0.817578 0.545833 0.039844 0.047222
0 0.947266 0.596528 0.105469 0.101389
0 0.394141 0.569444 0.033594 0.030556
0 0.478516 0.561806 0.025781 0.029167
0 0.510547 0.560417 0.030469 0.031944
0 0.554688 0.561806 0.025000 0.023611
0 0.598047 0.555556 0.032031 0.030556
0 0.675000 0.552083 0.028125 0.023611
3 0.715234 0.541667 0.035156 0.041667
