0 0.229297 0.604861 0.088281 0.062500
0 0.094141 0.583333 0.021094 0.027778
0 0.142578 0.580556 0.021094 0.022222
0 0.073047 0.586806 0.013281 0.023611
3 0.930078 0.520833 0.032031 0.038889
0 0.119141 0.580556 0.014844 0.027778
0 0.546094 0.581944 0.118750 0.080556
3 0.951562 0.525694 0.034375 0.029167
0 0.823828 0.571528 0.096094 0.065278
0 0.761328 0.554167 0.047656 0.030556
0 0.875391 0.599306 0.146094 0.104167
0 0.394141 0.569444 0.033594 0.030556
0 0.478516 0.561806 0.025781 0.029167
0 0.510547 0.560417 0.030469 0.031944
0 0.623437 0.549306 0.015625 0.023611
0 0.644922 0.553472 0.025781 0.026389
0 0.675000 0.552083 0.028125 0.023611
3 0.715234 0.541667 0.035156 0.041667
