0 0.132031 0.605556 0.059375 0.050000
0 0.094141 0.583333 0.021094 0.027778
0 0.073047 0.586806 0.013281 0.023611
3 0.930078 0.520833 0.032031 0.038889
0 0.416016 0.588194 0.097656 0.068056
0 0.750000 0.586806 0.106250 0.081944
0 0.666797 0.612500 0.163281 0.100000
0 0.892188 0.546528 0.037500 0.037500
0 0.816406 0.547917 0.043750 0.031944
0 0.856641 0.544444 0.036719 0.036111
0 0.956250 0.552083 0.087500 0.087500
0 0.478516 0.561806 0.025781 0.029167
0 0.510547 0.560417 0.030469 0.031944
0 0.554688 0.561806 0.025000 0.023611
0 0.598047 0.555556 0.032031 0.030556
0 0.623437 0.549306 0.015625 0.023611
0 0.644922 0.553472 0.025781 0.026389
0 0.675000 0.552083 0.028125 0.023611
