0 0.144922 0.581944 0.019531 0.025000
0 0.095703 0.599306 0.055469 0.054167
0 0.360938 0.590278 0.090625 0.069444
0 0.658984 0.586806 0.113281 0.081944
0 0.560547 0.613889 0.163281 0.100000
0 0.816406 0.547917 0.043750 0.031944
0 0.856641 0.544444 0.036719 0.036111
0 0.907813 0.559028 0.109375 0.101389
0 0.124609 0.586806 0.017969 0.023611
0 0.759766 0.550694 0.052344 0.031944
0 0.478516 0.561806 0.025781 0.029167
0 0.510547 0.560417 0.030469 0.031944
0 0.554688 0.561806 0.025000 0.023611
0 0.598047 0.555556 0.032031 0.030556
0 0.623437 0.549306 0.015625 0.023611
3 0.715234 0.541667 0.035156 0.041667
