0 0.144922 0.581944 0.019531 0.025000
0 0.061719 0.604167 0.046875 0.044444
0 0.307812 0.583333 0.081250 0.061111
0 0.565234 0.591667 0.121094 0.075000
0 0.462891 0.611806 0.139844 0.084722
0 0.843359 0.560417 0.110156 0.095833
0 0.125000 0.585417 0.015625 0.020833
0 0.759766 0.550694 0.052344 0.031944
0 0.093750 0.586806 0.018750 0.023611
0 0.608984 0.572917 0.063281 0.056944
0 0.949219 0.586806 0.101562 0.106944
3 0.932422 0.522222 0.030469 0.038889
3 0.950000 0.527778 0.031250 0.033333
0 0.394141 0.569444 0.033594 0.030556
0 0.478516 0.561806 0.025781 0.029167
0 0.510547 0.560417 0.030469 0.031944
0 0.644922 0.553472 0.025781 0.026389
0 0.675000 0.552083 0.028125 0.023611
3 0.715234 0.541667 0.035156 0.041667
