0 0.144922 0.581944 0.019531 0.025000
0 0.035937 0.605556 0.037500 0.044444
0 0.260937 0.586806 0.071875 0.065278
0 0.486328 0.593056 0.114844 0.072222
0 0.379688 0.608333 0.121875 0.077778
0 0.775000 0.563194 0.115625 0.090278
0 0.124609 0.586806 0.017969 0.023611
0 0.093750 0.586806 0.018750 0.023611
0 0.549609 0.570833 0.069531 0.058333
0 0.870313 0.596528 0.156250 0.106944
3 0.932422 0.522222 0.030469 0.038889
3 0.950000 0.527778 0.031250 0.033333
0 0.073438 0.588194 0.015625 0.026389
0 0.857031 0.545139 0.043750 0.034722
0 0.892578 0.535417 0.028906 0.023611
0 0.939063 0.561806 0.065625 0.062500
0 0.598047 0.555556 0.032031 0.030556
0 0.623437 0.549306 0.015625 0.023611
0 0.644922 0.553472 0.025781 0.026389
0 0.675000 0.552083 0.028125 0.023611
3 0.715234 0.541667 0.035156 0.041667
