0 0.144922 0.581944 0.019531 0.025000
0 0.218359 0.588194 0.063281 0.056944
0 0.412109 0.594444 0.108594 0.072222
0 0.309375 0.607639 0.103125 0.073611
0 0.707812 0.564583 0.115625 0.090278
0 0.124609 0.586806 0.017969 0.023611
0 0.093750 0.586806 0.018750 0.023611
0 0.491797 0.574306 0.083594 0.054167
0 0.759375 0.605556 0.171875 0.111111
3 0.932422 0.522222 0.030469 0.038889
3 0.950000 0.527778 0.031250 0.033333
0 0.073438 0.588194 0.015625 0.026389
0 0.858203 0.565278 0.094531 0.066667
0 0.554688 0.561806 0.025000 0.023611
0 0.598047 0.555556 0.032031 0.030556
0 0.623437 0.549306 0.015625 0.023611
0 0.644922 0.553472 0.025781 0.026389
