0 0.144922 0.581944 0.019531 0.025000
0 0.180469 0.593056 0.057813 0.052778
0 0.345703 0.597222 0.103906 0.077778
0 0.251563 0.604861 0.089063 0.062500
0 0.640625 0.558333 0.118750 0.066667
0 0.124609 0.586806 0.017969 0.023611
0 0.093750 0.586806 0.018750 0.023611
0 0.448047 0.580556 0.074219 0.055556
0 0.643359 0.605556 0.171094 0.105556
3 0.932422 0.522222 0.030469 0.038889
3 0.950000 0.527778 0.031250 0.033333
0 0.073438 0.588194 0.015625 0.026389
0 0.784766 0.565278 0.099219 0.055556
0 0.859766 0.543056 0.039844 0.036111
0 0.892969 0.544444 0.035937 0.036111
0 0.478516 0.561806 0.025781 0.029167
0 0.510547 0.560417 0.030469 0.031944
0 0.554688 0.561806 0.025000 0.023611
0 0.598047 0.555556 0.032031 0.030556
3 0.715234 0.541667 0.035156 0.041667
