0 0.144141 0.589583 0.049219 0.051389
0 0.291406 0.588194 0.089063 0.059722
0 0.203516 0.600694 0.075781 0.056944
0 0.586719 0.566667 0.100000 0.069444
0 0.093750 0.586806 0.018750 0.023611
0 0.368750 0.577083 0.046875 0.040278
0 0.537500 0.610417 0.159375 0.095833
3 0.932422 0.522222 0.030469 0.038889
3 0.950000 0.527778 0.031250 0.033333
0 0.073438 0.588194 0.015625 0.026389
0 0.705859 0.568056 0.097656 0.066667
0 0.859766 0.543056 0.039844 0.036111
0 0.892969 0.544444 0.035937 0.036111
0 0.410938 0.582639 0.067187 0.048611
0 0.767188 0.554167 0.039062 0.030556
0 0.818750 0.547917 0.040625 0.037500
0 0.966406 0.559722 0.065625 0.111111
0 0.478516 0.561806 0.025781 0.029167
0 0.510547 0.560417 0.030469 0.031944
0 0.644922 0.553472 0.025781 0.026389
