0 0.114844 0.596528 0.042188 0.045833
0 0.242578 0.593056 0.078906 0.052778
0 0.164062 0.605556 0.062500 0.052778
0 0.528906 0.568056 0.100000 0.072222
0 0.093750 0.586806 0.018750 0.023611
0 0.333984 0.575694 0.042969 0.037500
0 0.444531 0.605556 0.140625 0.083333
0 0.073438 0.588194 0.015625 0.026389
0 0.631250 0.571528 0.096875 0.056944
0 0.859766 0.543056 0.039844 0.036111
0 0.892969 0.544444 0.035937 0.036111
0 0.376563 0.577083 0.059375 0.040278
0 0.767188 0.554167 0.039062 0.030556
0 0.818750 0.547917 0.040625 0.037500
0 0.933594 0.569444 0.132812 0.116667
0 0.478516 0.561806 0.025781 0.029167
0 0.598047 0.555556 0.032031 0.030556
0 0.675000 0.552083 0.028125 0.023611
3 0.715234 0.541667 0.035156 0.041667
