0 0.759375 0.554167 0.053125 0.033333
0 0.821094 0.543056 0.048438 0.036111
0 0.860547 0.546528 0.044531 0.043056
0 0.901563 0.540278 0.034375 0.036111
0 0.515625 0.569444 0.093750 0.066667
0 0.119141 0.595139 0.033594 0.037500
3 0.198828 0.590278 0.078906 0.113889
0 0.491016 0.660417 0.197656 0.154167
0 0.140234 0.588194 0.021094 0.026389
3 0.983594 0.516667 0.025000 0.041667
0 0.078906 0.591667 0.015625 0.022222
0 0.057813 0.589583 0.012500 0.023611
0 0.094531 0.589583 0.012500 0.023611
0 0.394141 0.569444 0.033594 0.030556
0 0.598047 0.555556 0.032031 0.030556
0 0.623437 0.549306 0.015625 0.023611
0 0.644922 0.553472 0.025781 0.026389
0 0.675000 0.552083 0.028125 0.023611
3 0.715234 0.541667 0.035156 0.041667
