0 0.084766 0.595833 0.036719 0.041667
0 0.200391 0.595139 0.071094 0.051389
0 0.127734 0.604167 0.057031 0.050000
0 0.475391 0.568056 0.096094 0.077778
0 0.305469 0.576389 0.042188 0.038889
0 0.367188 0.609028 0.126562 0.073611
0 0.560547 0.574306 0.089844 0.051389
0 0.345313 0.574306 0.045312 0.034722
0 0.767188 0.554167 0.039062 0.030556
0 0.818750 0.547917 0.040625 0.037500
0 0.855469 0.571528 0.143750 0.101389
3 0.929297 0.521528 0.028906 0.040278
3 0.950000 0.529167 0.031250 0.030556
0 0.623437 0.549306 0.015625 0.023611
0 0.644922 0.553472 0.025781 0.026389
0 0.675000 0.552083 0.028125 0.023611
3 0.715234 0.541667 0.035156 0.041667
