0 0.060156 0.596528 0.039062 0.037500
0 0.162891 0.596528 0.064844 0.045833
0 0.098437 0.600694 0.046875 0.048611
0 0.431641 0.569444 0.083594 0.063889
0 0.300000 0.604167 0.106250 0.066667
0 0.502344 0.572917 0.071875 0.045833
0 0.779687 0.572917 0.150000 0.104167
3 0.929297 0.521528 0.028906 0.040278
3 0.950000 0.529167 0.031250 0.030556
0 0.861328 0.543056 0.036719 0.038889
0 0.892578 0.544444 0.036719 0.041667
0 0.394141 0.569444 0.033594 0.030556
0 0.554688 0.561806 0.025000 0.023611
0 0.598047 0.555556 0.032031 0.030556
0 0.623437 0.549306 0.015625 0.023611
0 0.644922 0.553472 0.025781 0.026389
0 0.675000 0.552083 0.028125 0.023611
3 0.715234 0.541667 0.035156 0.041667
