0 0.126953 0.597917 0.053906 0.043056
0 0.071875 0.605556 0.043750 0.044444
0 0.392188 0.570833 0.073438 0.061111
0 0.247656 0.603472 0.096875 0.065278
0 0.448828 0.575694 0.058594 0.048611
0 0.696875 0.574306 0.153125 0.098611
3 0.929297 0.521528 0.028906 0.040278
3 0.950000 0.529167 0.031250 0.030556
0 0.861328 0.543056 0.036719 0.038889
0 0.892578 0.544444 0.036719 0.041667
0 0.301563 0.580556 0.042188 0.036111
0 0.818750 0.544444 0.040625 0.041667
0 0.478516 0.561806 0.025781 0.029167
0 0.510547 0.560417 0.030469 0.031944
0 0.554688 0.561806 0.025000 0.023611
0 0.598047 0.555556 0.032031 0.030556
0 0.623437 0.549306 0.015625 0.023611
0 0.644922 0.553472 0.025781 0.026389
