0 0.099219 0.595833 0.046875 0.038889
0 0.048828 0.604167 0.038281 0.033333
0 0.351953 0.574306 0.064844 0.051389
0 0.201172 0.600694 0.078906 0.056944
0 0.406641 0.576389 0.042969 0.036111
0 0.616016 0.577083 0.146094 0.090278
3 0.929297 0.521528 0.028906 0.040278
3 0.950000 0.529167 0.031250 0.030556
0 0.861328 0.543056 0.036719 0.038889
0 0.892578 0.544444 0.036719 0.041667
0 0.281641 0.580556 0.042969 0.036111
0 0.818750 0.544444 0.040625 0.041667
0 0.144531 0.581944 0.015625 0.022222
0 0.758203 0.550694 0.046094 0.031944
0 0.478516 0.561806 0.025781 0.029167
0 0.510547 0.560417 0.030469 0.031944
0 0.554688 0.561806 0.025000 0.023611
3 0.715234 0.541667 0.035156 0.041667
