0 0.073438 0.597917 0.040625 0.031944
0 0.026953 0.605556 0.033594 0.036111
0 0.320703 0.571528 0.057031 0.056944
0 0.163281 0.603472 0.065625 0.051389
0 0.364844 0.574306 0.034375 0.037500
0 0.542969 0.577778 0.139063 0.094444
3 0.929297 0.521528 0.028906 0.040278
3 0.950000 0.529167 0.031250 0.030556
0 0.861328 0.543056 0.036719 0.038889
0 0.892578 0.544444 0.036719 0.041667
0 0.262109 0.577778 0.035156 0.030556
0 0.818750 0.544444 0.040625 0.041667
0 0.144531 0.581944 0.015625 0.022222
0 0.758203 0.550694 0.046094 0.031944
0 0.120313 0.583333 0.018750 0.025000
0 0.223438 0.580556 0.028125 0.027778
0 0.394141 0.569444 0.033594 0.030556
0 0.478516 0.561806 0.025781 0.029167
0 0.623437 0.549306 0.015625 0.023611
0 0.644922 0.553472 0.025781 0.026389
0 0.675000 0.552083 0.028125 0.023611
3 0.715234 0.541667 0.035156 0.041667
