0 0.052344 0.599306 0.037500 0.034722
0 0.293359 0.572222 0.049219 0.050000
0 0.129688 0.605556 0.056250 0.047222
0 0.332813 0.574306 0.029687 0.034722
0 0.473047 0.581250 0.125781 0.087500
3 0.929297 0.521528 0.028906 0.040278
3 0.950000 0.529167 0.031250 0.030556
0 0.861328 0.543056 0.036719 0.038889
0 0.892578 0.544444 0.036719 0.041667
0 0.248047 0.577778 0.032031 0.030556
0 0.818750 0.544444 0.040625 0.041667
0 0.758203 0.550694 0.046094 0.031944
0 0.207813 0.576389 0.025000 0.027778
0 0.093750 0.586806 0.012500 0.020833
0 0.394141 0.569444 0.033594 0.030556
0 0.598047 0.555556 0.032031 0.030556
0 0.623437 0.549306 0.015625 0.023611
0 0.644922 0.553472 0.025781 0.026389
0 0.675000 0.552083 0.028125 0.023611
3 0.715234 0.541667 0.035156 0.041667
