0 0.271094 0.571528 0.042188 0.048611
0 0.101953 0.600694 0.052344 0.040278
0 0.303516 0.574306 0.027344 0.031944
0 0.410547 0.580556 0.117969 0.080556
3 0.929297 0.521528 0.028906 0.040278
3 0.950000 0.529167 0.031250 0.030556
0 0.861328 0.543056 0.036719 0.038889
0 0.892578 0.544444 0.036719 0.041667
0 0.234766 0.579167 0.030469 0.030556
0 0.818750 0.544444 0.040625 0.041667
0 0.758203 0.550694 0.046094 0.031944
0 0.194141 0.574306 0.024219 0.026389
0 0.145313 0.581944 0.015625 0.025000
0 0.478516 0.561806 0.025781 0.029167
0 0.510547 0.560417 0.030469 0.031944
0 0.554688 0.561806 0.025000 0.023611
0 0.598047 0.555556 0.032031 0.030556
0 0.623437 0.549306 0.015625 0.023611
0 0.644922 0.553472 0.025781 0.026389
0 0.675000 0.552083 0.028125 0.023611
3 0.715234 0.541667 0.035156 0.041667
