0 0.250391 0.572917 0.038281 0.043056
0 0.073438 0.600694 0.048438 0.043056
0 0.276953 0.577778 0.024219 0.036111
0 0.353125 0.580556 0.106250 0.072222
3 0.929297 0.521528 0.028906 0.040278
0 0.861328 0.543056 0.036719 0.038889
0 0.892578 0.544444 0.036719 0.041667
0 0.221094 0.578472 0.028125 0.026389
0 0.818750 0.544444 0.040625 0.041667
0 0.758203 0.550694 0.046094 0.031944
0 0.184766 0.575694 0.019531 0.023611
0 0.145313 0.581944 0.015625 0.025000
0 0.120703 0.583333 0.016406 0.022222
0 0.418750 0.576389 0.031250 0.052778
0 0.919922 0.586806 0.144531 0.126389
0 0.478516 0.561806 0.025781 0.029167
0 0.510547 0.560417 0.030469 0.031944
0 0.554688 0.561806 0.025000 0.023611
0 0.598047 0.555556 0.032031 0.030556
0 0.623437 0.549306 0.015625 0.023611
0 0.644922 0.553472 0.025781 0.026389
0 0.675000 0.552083 0.028125 0.023611
3 0.715234 0.541667 0.035156 0.041667
