0 0.230469 0.574306 0.037500 0.043056
0 0.051562 0.600694 0.043750 0.043056
0 0.304688 0.581944 0.090625 0.069444
3 0.929297 0.521528 0.028906 0.040278
0 0.892578 0.544444 0.036719 0.041667
0 0.758203 0.550694 0.046094 0.031944
0 0.145313 0.581944 0.015625 0.025000
0 0.120703 0.583333 0.016406 0.022222
0 0.370312 0.579167 0.046875 0.044444
0 0.797266 0.596528 0.164844 0.123611
3 0.951562 0.527083 0.034375 0.034722
0 0.976562 0.558333 0.046875 0.088889
0 0.175000 0.579167 0.015625 0.022222
0 0.207813 0.580556 0.015625 0.025000
0 0.255078 0.575694 0.021094 0.031944
0 0.478516 0.561806 0.025781 0.029167
0 0.510547 0.560417 0.030469 0.031944
0 0.554688 0.561806 0.025000 0.023611
0 0.598047 0.555556 0.032031 0.030556
0 0.623437 0.549306 0.015625 0.023611
0 0.644922 0.553472 0.025781 0.026389
0 0.675000 0.552083 0.028125 0.023611
3 0.715234 0.541667 0.035156 0.041667
