0 0.216406 0.574306 0.028125 0.034722
0 0.031641 0.600694 0.038281 0.040278
0 0.262109 0.583333 0.082031 0.063889
0 0.891016 0.543750 0.032031 0.045833
0 0.758984 0.551389 0.046094 0.033333
0 0.145703 0.583333 0.016406 0.025000
0 0.121484 0.584722 0.016406 0.022222
0 0.329688 0.579861 0.051562 0.043056
0 0.664062 0.600000 0.178125 0.122222
0 0.919531 0.561111 0.079687 0.086111
0 0.094141 0.586806 0.016406 0.020833
0 0.076172 0.589583 0.014844 0.023611
0 0.166797 0.577083 0.014844 0.020833
0 0.198437 0.581250 0.015625 0.026389
0 0.820312 0.545833 0.042188 0.036111
0 0.856250 0.545833 0.039062 0.033333
0 0.394531 0.570139 0.032813 0.029167
0 0.478516 0.562500 0.025781 0.027778
0 0.510547 0.560417 0.030469 0.031944
0 0.554688 0.562500 0.025000 0.025000
0 0.598047 0.556250 0.032031 0.029167
0 0.623828 0.549306 0.014844 0.023611
