0 0.759375 0.554167 0.053125 0.033333
0 0.821094 0.543056 0.048438 0.036111
0 0.860547 0.546528 0.044531 0.043056
0 0.901563 0.540278 0.034375 0.036111
0 0.615625 0.560417 0.093750 0.068056
0 0.127734 0.593056 0.028906 0.041667
3 0.231250 0.594444 0.096875 0.125000
0 0.646875 0.669444 0.240625 0.166667
0 0.151172 0.588194 0.021094 0.026389
3 0.979297 0.515278 0.025781 0.036111
0 0.078906 0.591667 0.015625 0.022222
0 0.057813 0.589583 0.012500 0.023611
0 0.094531 0.589583 0.012500 0.023611
0 0.545703 0.622222 0.117969 0.100000
0 0.394141 0.569444 0.033594 0.030556
0 0.478516 0.561806 0.025781 0.029167
0 0.510547 0.560417 0.030469 0.031944
0 0.675000 0.552083 0.028125 0.023611
3 0.715234 0.541667 0.035156 0.041667
