0 0.222266 0.588889 0.075781 0.061111
0 0.891016 0.543056 0.032031 0.044444
0 0.758203 0.550694 0.046094 0.031944
0 0.145313 0.581944 0.015625 0.025000
0 0.120703 0.583333 0.016406 0.022222
0 0.298438 0.577778 0.050000 0.044444
0 0.532813 0.599306 0.170313 0.118056
0 0.834375 0.565278 0.087500 0.091667
0 0.094141 0.586806 0.016406 0.020833
0 0.076172 0.588194 0.014844 0.023611
3 0.930469 0.522917 0.032813 0.037500
3 0.951172 0.530556 0.032031 0.033333
0 0.978516 0.527083 0.025781 0.037500
0 0.394141 0.569444 0.033594 0.030556
0 0.478516 0.561806 0.025781 0.029167
0 0.510547 0.560417 0.030469 0.031944
0 0.623437 0.549306 0.015625 0.023611
0 0.644922 0.553472 0.025781 0.026389
0 0.675000 0.552083 0.028125 0.023611
3 0.715234 0.541667 0.035156 0.041667
