0 0.158203 0.591667 0.063281 0.058333
0 0.891016 0.543056 0.032031 0.044444
0 0.120703 0.583333 0.016406 0.022222
0 0.250000 0.580556 0.037500 0.030556
0 0.343750 0.599306 0.121875 0.093056
0 0.652734 0.572917 0.089844 0.076389
0 0.094141 0.586806 0.016406 0.020833
0 0.076172 0.588194 0.014844 0.023611
3 0.930469 0.522917 0.032813 0.037500
3 0.951172 0.530556 0.032031 0.033333
0 0.967578 0.529167 0.025781 0.038889
0 0.817578 0.547222 0.042969 0.038889
0 0.859766 0.543056 0.039844 0.041667
0 0.897266 0.580556 0.138281 0.094444
0 0.195312 0.577778 0.015625 0.022222
0 0.760547 0.551389 0.050781 0.036111
0 0.478516 0.561806 0.025781 0.029167
0 0.510547 0.560417 0.030469 0.031944
0 0.554688 0.561806 0.025000 0.023611
0 0.598047 0.555556 0.032031 0.030556
0 0.623437 0.549306 0.015625 0.023611
3 0.715234 0.541667 0.035156 0.041667
