0 0.129688 0.591667 0.054688 0.055556
0 0.891016 0.543056 0.032031 0.044444
0 0.230078 0.579167 0.032031 0.030556
0 0.276953 0.596528 0.099219 0.084722
0 0.567578 0.571528 0.085156 0.070833
0 0.094141 0.586806 0.016406 0.020833
0 0.076172 0.588194 0.014844 0.023611
3 0.930469 0.522917 0.032813 0.037500
0 0.967578 0.529167 0.025781 0.038889
0 0.859766 0.543056 0.039844 0.041667
0 0.794922 0.596528 0.158594 0.104167
0 0.169531 0.574306 0.018750 0.029167
0 0.760547 0.551389 0.050781 0.036111
0 0.185938 0.575694 0.015625 0.018056
3 0.941406 0.525694 0.017188 0.029167
0 0.394141 0.569444 0.033594 0.030556
0 0.478516 0.561806 0.025781 0.029167
0 0.510547 0.560417 0.030469 0.031944
0 0.623437 0.549306 0.015625 0.023611
0 0.644922 0.553472 0.025781 0.026389
0 0.675000 0.552083 0.028125 0.023611
3 0.715234 0.541667 0.035156 0.041667
