0 0.107422 0.593056 0.044531 0.052778
0 0.891016 0.543056 0.032031 0.044444
0 0.223438 0.597917 0.087500 0.070833
0 0.495312 0.574306 0.075000 0.059722
0 0.076172 0.588194 0.014844 0.023611
3 0.930469 0.522917 0.032813 0.037500
0 0.967578 0.529167 0.025781 0.038889
0 0.859766 0.543056 0.039844 0.041667
0 0.679297 0.596528 0.161719 0.090278
0 0.760547 0.551389 0.050781 0.036111
3 0.941406 0.525694 0.017188 0.029167
0 0.159766 0.574306 0.014844 0.020833
0 0.176172 0.574306 0.011719 0.018056
0 0.819531 0.549306 0.046875 0.037500
0 0.394141 0.569444 0.033594 0.030556
0 0.554688 0.561806 0.025000 0.023611
0 0.598047 0.555556 0.032031 0.030556
0 0.623437 0.549306 0.015625 0.023611
0 0.644922 0.553472 0.025781 0.026389
3 0.715234 0.541667 0.035156 0.041667
