0 0.081250 0.591667 0.043750 0.041667
0 0.891016 0.543056 0.032031 0.044444
0 0.178516 0.595833 0.071094 0.061111
0 0.435547 0.576389 0.067969 0.052778
3 0.930469 0.522917 0.032813 0.037500
0 0.859766 0.543056 0.039844 0.041667
0 0.575391 0.599306 0.152344 0.084722
0 0.760547 0.551389 0.050781 0.036111
0 0.818750 0.549306 0.046875 0.037500
0 0.121094 0.586806 0.014063 0.020833
0 0.142969 0.580556 0.010937 0.022222
2 0.970313 0.530556 0.056250 0.108333
0 0.394141 0.568056 0.033594 0.030556
0 0.478516 0.561806 0.025781 0.029167
0 0.510547 0.560417 0.030469 0.031944
0 0.622656 0.549306 0.015625 0.023611
0 0.644922 0.552083 0.025781 0.026389
0 0.675000 0.550694 0.028125 0.023611
3 0.714453 0.541667 0.035156 0.041667
