0 0.061719 0.593056 0.040625 0.041667
0 0.891016 0.543056 0.032031 0.044444
0 0.382812 0.574306 0.056250 0.051389
0 0.859766 0.543056 0.039844 0.041667
0 0.476172 0.599306 0.133594 0.073611
0 0.760547 0.551389 0.050781 0.036111
0 0.818750 0.549306 0.046875 0.037500
2 0.952344 0.535417 0.095312 0.115278
0 0.093750 0.585417 0.015625 0.018056
0 0.141797 0.597917 0.060156 0.059722
0 0.184766 0.579167 0.024219 0.030556
0 0.554688 0.561806 0.025000 0.023611
0 0.598047 0.555556 0.032031 0.030556
0 0.622656 0.549306 0.015625 0.023611
0 0.644922 0.552083 0.025781 0.026389
0 0.675000 0.550694 0.028125 0.023611
3 0.714453 0.541667 0.035156 0.041667
