0 0.041797 0.594444 0.042969 0.047222
0 0.338672 0.574306 0.047656 0.043056
0 0.848437 0.543056 0.018750 0.041667
0 0.389062 0.597917 0.118750 0.068056
0 0.760547 0.551389 0.050781 0.036111
0 0.818750 0.549306 0.046875 0.037500
2 0.919141 0.530556 0.125781 0.102778
0 0.110547 0.599306 0.060156 0.054167
0 0.173437 0.575694 0.025000 0.029167
0 0.076172 0.590278 0.011719 0.025000
0 0.142578 0.585417 0.017969 0.020833
0 0.943750 0.572917 0.112500 0.098611
0 0.478516 0.561806 0.025781 0.029167
0 0.510547 0.560417 0.030469 0.031944
0 0.554688 0.561806 0.025000 0.023611
0 0.598047 0.555556 0.032031 0.030556
0 0.622656 0.549306 0.015625 0.023611
0 0.644922 0.552083 0.025781 0.026389
0 0.675000 0.550694 0.028125 0.023611
3 0.714453 0.541667 0.035156 0.041667
