0 0.316797 0.597917 0.107031 0.068056
0 0.760547 0.551389 0.050781 0.036111
2 0.879297 0.536806 0.135156 0.106944
0 0.082812 0.599306 0.053125 0.054167
0 0.170313 0.579167 0.015625 0.030556
0 0.142578 0.585417 0.017969 0.020833
0 0.850000 0.579167 0.125000 0.105556
0 0.120313 0.585417 0.015625 0.026389
0 0.394141 0.568056 0.033594 0.030556
0 0.478516 0.561806 0.025781 0.029167
0 0.510547 0.560417 0.030469 0.031944
0 0.554688 0.561806 0.025000 0.023611
0 0.598047 0.555556 0.032031 0.030556
0 0.622656 0.549306 0.015625 0.023611
0 0.644922 0.552083 0.025781 0.026389
0 0.675000 0.550694 0.028125 0.023611
3 0.714453 0.541667 0.035156 0.041667
