0 0.254297 0.597917 0.091406 0.059722
2 0.835547 0.540278 0.135156 0.105556
0 0.060156 0.599306 0.043750 0.045833
0 0.142578 0.585417 0.017969 0.020833
0 0.742578 0.586806 0.132031 0.095833
0 0.120313 0.585417 0.015625 0.026389
0 0.093750 0.586806 0.018750 0.020833
0 0.934375 0.536806 0.040625 0.043056
0 0.394141 0.568056 0.033594 0.030556
0 0.478516 0.561806 0.025781 0.029167
0 0.510547 0.560417 0.030469 0.031944
0 0.554688 0.561806 0.025000 0.023611
0 0.598047 0.555556 0.032031 0.030556
0 0.622656 0.549306 0.015625 0.023611
0 0.644922 0.552083 0.025781 0.026389
0 0.675000 0.550694 0.028125 0.023611
3 0.714453 0.541667 0.035156 0.041667
