0 0.759375 0.554167 0.053125 0.033333
0 0.821094 0.543056 0.048438 0.036111
0 0.860547 0.546528 0.044531 0.043056
0 0.901563 0.540278 0.034375 0.036111
0 0.706250 0.555556 0.093750 0.066667
0 0.141016 0.594444 0.041406 0.047222
3 0.275391 0.599306 0.124219 0.148611
0 0.839063 0.670833 0.242188 0.186111
0 0.163672 0.586806 0.024219 0.043056
3 0.979297 0.515278 0.025781 0.036111
0 0.087500 0.593056 0.018750 0.025000
0 0.063281 0.591667 0.018750 0.025000
0 0.104297 0.584028 0.016406 0.029167
0 0.691016 0.621528 0.142969 0.112500
0 0.394141 0.569444 0.033594 0.030556
0 0.478516 0.561806 0.025781 0.029167
0 0.510547 0.560417 0.030469 0.031944
0 0.554688 0.561806 0.025000 0.023611
0 0.598047 0.555556 0.032031 0.030556
0 0.623437 0.549306 0.015625 0.023611
0 0.644922 0.553472 0.025781 0.026389
