0 0.205469 0.597917 0.075000 0.056944
2 0.782813 0.540278 0.146875 0.111111
0 0.041797 0.597917 0.036719 0.043056
0 0.142578 0.585417 0.017969 0.020833
0 0.636719 0.591667 0.134375 0.091667
0 0.120313 0.585417 0.015625 0.026389
0 0.093750 0.586806 0.018750 0.020833
0 0.934375 0.536806 0.040625 0.043056
5 0.164453 0.579167 0.007031 0.027778
0 0.253125 0.575694 0.031250 0.040278
0 0.714063 0.574306 0.050000 0.070833
0 0.864844 0.543056 0.029687 0.036111
0 0.966406 0.565278 0.065625 0.075000
0 0.394141 0.568056 0.033594 0.030556
0 0.478516 0.561806 0.025781 0.029167
0 0.510547 0.560417 0.030469 0.031944
0 0.554688 0.561806 0.025000 0.023611
0 0.598047 0.555556 0.032031 0.030556
