0 0.164844 0.599306 0.062500 0.045833
2 0.734375 0.541667 0.146875 0.102778
0 0.025391 0.595833 0.033594 0.038889
0 0.143359 0.585417 0.017969 0.020833
0 0.536328 0.575694 0.130469 0.104167
0 0.120703 0.585417 0.016406 0.026389
0 0.093750 0.586806 0.018750 0.020833
0 0.934375 0.536806 0.040625 0.043056
0 0.232422 0.575694 0.025781 0.037500
0 0.627734 0.574306 0.066406 0.068056
0 0.864844 0.543056 0.029687 0.036111
0 0.911719 0.568056 0.104688 0.069444
0 0.823047 0.547917 0.035156 0.040278
0 0.893750 0.539583 0.028125 0.034722
0 0.394141 0.569444 0.033594 0.030556
0 0.478516 0.561806 0.025781 0.029167
0 0.510547 0.560417 0.030469 0.031944
