0 0.107813 0.604167 0.050000 0.047222
2 0.655469 0.543056 0.142187 0.094444
0 0.388672 0.580556 0.097656 0.094444
0 0.204297 0.574306 0.025781 0.029167
0 0.497266 0.574306 0.074219 0.051389
0 0.765625 0.580556 0.112500 0.066667
0 0.854688 0.543056 0.040625 0.044444
0 0.871094 0.560417 0.064062 0.056944
0 0.074219 0.586806 0.015625 0.023611
0 0.144141 0.580556 0.016406 0.027778
5 0.156641 0.580556 0.007031 0.030556
0 0.916016 0.593056 0.110156 0.097222
0 0.932813 0.531944 0.037500 0.038889
0 0.554688 0.561806 0.025000 0.023611
