0 0.120313 0.580556 0.015625 0.027778
2 0.611719 0.552778 0.142187 0.094444
0 0.320312 0.591667 0.093750 0.072222
0 0.189453 0.576389 0.017969 0.025000
0 0.441797 0.577083 0.067969 0.051389
0 0.682813 0.575694 0.115625 0.065278
0 0.079687 0.594444 0.043750 0.041667
0 0.144141 0.580556 0.016406 0.027778
0 0.798438 0.604167 0.129688 0.094444
0 0.932813 0.531944 0.037500 0.038889
0 0.760938 0.549306 0.050000 0.034722
0 0.822266 0.543056 0.042969 0.030556
0 0.892188 0.545139 0.034375 0.040278
0 0.394141 0.568056 0.033594 0.030556
0 0.478516 0.561806 0.025781 0.029167
0 0.510547 0.560417 0.030469 0.031944
3 0.714453 0.541667 0.035156 0.041667
