0 0.120313 0.580556 0.015625 0.027778
2 0.571094 0.544444 0.129688 0.088889
0 0.266797 0.588194 0.078906 0.062500
0 0.179688 0.574306 0.020313 0.026389
0 0.395313 0.579167 0.056250 0.050000
0 0.604688 0.575694 0.109375 0.054167
0 0.061719 0.599306 0.039062 0.037500
0 0.144141 0.580556 0.016406 0.027778
0 0.669531 0.602083 0.140625 0.101389
0 0.932813 0.531944 0.037500 0.038889
0 0.760938 0.549306 0.050000 0.034722
0 0.822266 0.543056 0.042969 0.030556
0 0.892188 0.545139 0.034375 0.040278
0 0.094141 0.588889 0.014844 0.022222
0 0.779687 0.570139 0.071875 0.051389
0 0.975391 0.570139 0.049219 0.087500
0 0.478516 0.561806 0.025781 0.029167
3 0.714453 0.541667 0.035156 0.041667
