0 0.120313 0.580556 0.015625 0.027778
2 0.533594 0.556250 0.128125 0.087500
0 0.217188 0.591667 0.071875 0.061111
0 0.170313 0.574306 0.018750 0.029167
0 0.353906 0.580556 0.050000 0.047222
0 0.526563 0.574306 0.081250 0.051389
0 0.042969 0.602778 0.035937 0.030556
0 0.144141 0.580556 0.016406 0.027778
0 0.553516 0.610417 0.133594 0.095833
0 0.931641 0.524306 0.035156 0.018056
0 0.773438 0.549306 0.025000 0.031944
0 0.822266 0.543056 0.042969 0.030556
0 0.892188 0.543056 0.031250 0.036111
0 0.094141 0.588889 0.014844 0.022222
0 0.729688 0.568056 0.065625 0.058333
0 0.892578 0.577083 0.089844 0.087500
0 0.953516 0.568056 0.041406 0.058333
0 0.076563 0.588194 0.014063 0.023611
0 0.394141 0.568056 0.033594 0.030556
0 0.622656 0.549306 0.015625 0.023611
0 0.644922 0.552083 0.025781 0.026389
0 0.675000 0.550694 0.028125 0.023611
