0 0.120703 0.581944 0.016406 0.027778
2 0.497266 0.552083 0.119531 0.081944
0 0.176953 0.595833 0.057031 0.047222
0 0.320703 0.580556 0.042969 0.041667
0 0.483984 0.572222 0.074219 0.047222
0 0.027734 0.597917 0.033594 0.031944
0 0.144141 0.581944 0.016406 0.027778
0 0.452344 0.611806 0.117188 0.084722
0 0.931641 0.524306 0.035156 0.018056
0 0.773828 0.549306 0.024219 0.031944
0 0.822266 0.543056 0.042969 0.030556
0 0.892188 0.543056 0.031250 0.036111
0 0.094141 0.588889 0.014844 0.022222
0 0.684766 0.569444 0.066406 0.058333
0 0.856641 0.574306 0.075781 0.068056
0 0.776563 0.586806 0.096875 0.081944
0 0.757031 0.550694 0.046875 0.031944
0 0.075391 0.586806 0.011719 0.023611
0 0.394141 0.569444 0.033594 0.030556
0 0.598047 0.555556 0.032031 0.030556
0 0.623437 0.549306 0.015625 0.023611
0 0.644922 0.553472 0.025781 0.026389
