0 0.120703 0.581944 0.016406 0.027778
2 0.464844 0.558333 0.107813 0.086111
0 0.141016 0.599306 0.050781 0.056944
0 0.293750 0.582639 0.040625 0.037500
0 0.426563 0.580556 0.067187 0.044444
0 0.366016 0.606944 0.099219 0.072222
0 0.822266 0.543056 0.042969 0.030556
0 0.892188 0.543056 0.031250 0.036111
0 0.094141 0.588889 0.014844 0.022222
0 0.658984 0.580556 0.100781 0.072222
0 0.751563 0.579167 0.112500 0.080556
0 0.075000 0.589583 0.015625 0.023611
0 0.855859 0.543056 0.038281 0.036111
2 0.948438 0.520833 0.103125 0.141667
0 0.554688 0.561806 0.025000 0.023611
0 0.598047 0.555556 0.032031 0.030556
0 0.623437 0.549306 0.015625 0.023611
3 0.715234 0.541667 0.035156 0.041667
