2 0.432812 0.556944 0.103125 0.077778
0 0.107813 0.599306 0.040625 0.054167
0 0.270313 0.580556 0.035937 0.041667
0 0.376563 0.579167 0.068750 0.044444
0 0.296094 0.609028 0.084375 0.070833
0 0.822266 0.543056 0.042969 0.030556
0 0.556641 0.586806 0.094531 0.070833
0 0.665625 0.577083 0.115625 0.073611
0 0.075000 0.589583 0.015625 0.023611
2 0.923438 0.521528 0.153125 0.143056
0 0.143750 0.585417 0.017188 0.026389
0 0.759375 0.550694 0.053125 0.031944
0 0.510547 0.560417 0.030469 0.031944
3 0.715234 0.541667 0.035156 0.041667
