0 0.791016 0.657639 0.261719 0.173611
0 0.759375 0.554167 0.053125 0.033333
0 0.821094 0.544444 0.048438 0.036111
0 0.860547 0.546528 0.044531 0.043056
0 0.901563 0.536806 0.042188 0.043056
3 0.507422 0.558333 0.114844 0.100000
0 0.269141 0.624306 0.086719 0.084722
0 0.161719 0.593056 0.039062 0.044444
0 0.119922 0.599306 0.028906 0.043056
0 0.079687 0.593056 0.018750 0.044444
0 0.054688 0.586806 0.018750 0.034722
0 0.394141 0.569444 0.033594 0.030556
0 0.598047 0.555556 0.032031 0.030556
0 0.623437 0.549306 0.015625 0.023611
0 0.644922 0.553472 0.025781 0.026389
0 0.675000 0.552083 0.028125 0.023611
3 0.715234 0.541667 0.035156 0.041667
