0 0.744141 0.554167 0.022656 0.033333
0 0.860547 0.546528 0.044531 0.043056
0 0.901563 0.540278 0.034375 0.036111
0 0.794922 0.556944 0.080469 0.069444
0 0.155078 0.595833 0.046094 0.063889
3 0.330078 0.606944 0.160156 0.177778
0 0.178516 0.586806 0.024219 0.043056
3 0.969141 0.518056 0.028906 0.044444
0 0.087500 0.593056 0.018750 0.025000
0 0.063281 0.591667 0.018750 0.025000
0 0.104297 0.584028 0.016406 0.029167
0 0.856250 0.618056 0.137500 0.125000
0 0.243750 0.600694 0.043750 0.073611
0 0.123828 0.585417 0.017969 0.026389
0 0.394141 0.569444 0.033594 0.030556
0 0.478516 0.561806 0.025781 0.029167
0 0.510547 0.560417 0.030469 0.031944
0 0.554688 0.561806 0.025000 0.023611
0 0.598047 0.555556 0.032031 0.030556
0 0.623437 0.549306 0.015625 0.023611
0 0.644922 0.553472 0.025781 0.026389
0 0.675000 0.552083 0.028125 0.023611
3 0.715234 0.541667 0.035156 0.041667
