2 0.407813 0.561806 0.093750 0.079167
0 0.081641 0.596528 0.038281 0.043056
0 0.338672 0.584028 0.061719 0.040278
0 0.234766 0.605556 0.074219 0.058333
0 0.467969 0.583333 0.082812 0.069444
0 0.587891 0.579167 0.105469 0.063889
2 0.897266 0.522917 0.202344 0.148611
0 0.143750 0.585417 0.017188 0.026389
0 0.759375 0.550694 0.053125 0.031944
0 0.121484 0.584722 0.017969 0.025000
0 0.967578 0.580556 0.063281 0.094444
0 0.510547 0.560417 0.030469 0.031944
0 0.623437 0.549306 0.015625 0.023611
0 0.644922 0.553472 0.025781 0.026389
0 0.675000 0.552083 0.028125 0.023611
3 0.715234 0.541667 0.035156 0.041667
