2 0.382812 0.557639 0.084375 0.065278
0 0.060937 0.599306 0.043750 0.045833
0 0.305859 0.580556 0.050781 0.036111
0 0.188281 0.607639 0.062500 0.059722
0 0.397266 0.584028 0.064844 0.054167
0 0.517188 0.575694 0.093750 0.059722
2 0.852344 0.522917 0.220312 0.143056
0 0.143750 0.585417 0.017188 0.026389
0 0.121484 0.584722 0.017969 0.025000
0 0.896875 0.586806 0.137500 0.093056
0 0.092969 0.584722 0.015625 0.025000
0 0.232422 0.577778 0.027344 0.030556
0 0.478516 0.561806 0.025781 0.029167
0 0.598047 0.555556 0.032031 0.030556
0 0.623437 0.549306 0.015625 0.023611
0 0.644922 0.553472 0.025781 0.026389
0 0.675000 0.552083 0.028125 0.023611
3 0.715234 0.541667 0.035156 0.041667
