3 0.356641 0.559722 0.086719 0.063889
0 0.037109 0.605556 0.035156 0.036111
0 0.279687 0.579167 0.043750 0.033333
0 0.151172 0.605556 0.050781 0.050000
0 0.344141 0.584028 0.055469 0.051389
0 0.455469 0.579167 0.078125 0.055556
3 0.800391 0.529167 0.233594 0.144444
0 0.121484 0.584722 0.017969 0.025000
0 0.769922 0.605556 0.164844 0.111111
0 0.092969 0.584722 0.015625 0.025000
0 0.216797 0.575694 0.024219 0.031944
0 0.074609 0.588889 0.013281 0.022222
0 0.500781 0.572222 0.031250 0.050000
0 0.930078 0.538889 0.041406 0.047222
0 0.816406 0.554167 0.089063 0.075000
0 0.554688 0.561806 0.025000 0.023611
0 0.598047 0.555556 0.032031 0.030556
0 0.623437 0.549306 0.015625 0.023611
0 0.644922 0.553472 0.025781 0.026389
0 0.675000 0.552083 0.028125 0.023611
