3 0.340234 0.561806 0.077344 0.062500
0 0.255078 0.577083 0.041406 0.037500
0 0.114844 0.602083 0.046875 0.048611
0 0.302734 0.584028 0.042969 0.045833
0 0.408594 0.575694 0.065625 0.048611
3 0.749609 0.534028 0.233594 0.143056
0 0.640234 0.602083 0.166406 0.101389
0 0.092969 0.584722 0.015625 0.025000
0 0.201172 0.577083 0.022656 0.029167
0 0.074609 0.588889 0.013281 0.022222
0 0.458203 0.571528 0.039844 0.043056
0 0.930078 0.538889 0.041406 0.047222
0 0.721094 0.568056 0.084375 0.077778
0 0.142578 0.584028 0.019531 0.031944
0 0.892188 0.543056 0.034375 0.038889
0 0.478516 0.561806 0.025781 0.029167
0 0.510547 0.560417 0.030469 0.031944
0 0.554688 0.561806 0.025000 0.023611
0 0.598047 0.555556 0.032031 0.030556
0 0.623437 0.549306 0.015625 0.023611
