3 0.321875 0.561806 0.075000 0.059722
0 0.237500 0.577083 0.037500 0.037500
0 0.269922 0.578472 0.038281 0.037500
0 0.362891 0.579167 0.060156 0.044444
3 0.694531 0.535417 0.217188 0.131944
0 0.509766 0.604167 0.153906 0.094444
0 0.189844 0.579167 0.021875 0.030556
0 0.423047 0.574306 0.053906 0.043056
0 0.930078 0.538889 0.041406 0.047222
0 0.609766 0.568056 0.108594 0.083333
0 0.142578 0.584028 0.019531 0.031944
0 0.892188 0.543056 0.034375 0.038889
0 0.085547 0.602083 0.039844 0.040278
0 0.120703 0.583333 0.016406 0.025000
0 0.857812 0.545139 0.043750 0.037500
0 0.817578 0.550694 0.035156 0.040278
0 0.964063 0.556944 0.071875 0.055556
0 0.478516 0.561806 0.025781 0.029167
