3 0.302344 0.561806 0.062500 0.056944
0 0.218750 0.577778 0.025000 0.027778
0 0.244922 0.577778 0.027344 0.036111
0 0.327344 0.577778 0.056250 0.044444
3 0.641406 0.536806 0.206250 0.134722
0 0.400391 0.600694 0.130469 0.087500
0 0.178516 0.575694 0.021094 0.031944
0 0.523438 0.571528 0.103125 0.070833
0 0.142578 0.584028 0.019531 0.031944
0 0.892188 0.543056 0.034375 0.038889
0 0.060156 0.605556 0.037500 0.033333
0 0.120703 0.583333 0.016406 0.025000
0 0.857812 0.545139 0.043750 0.037500
0 0.817578 0.550694 0.035156 0.040278
0 0.920312 0.563194 0.084375 0.056944
0 0.092969 0.586806 0.018750 0.023611
0 0.767578 0.552778 0.036719 0.038889
0 0.478516 0.561806 0.025781 0.029167
