3 0.287891 0.561806 0.061719 0.056944
0 0.202344 0.577083 0.018750 0.026389
0 0.221484 0.581944 0.024219 0.030556
3 0.597656 0.540278 0.210938 0.125000
0 0.310156 0.605556 0.103125 0.069444
0 0.169531 0.577083 0.018750 0.026389
0 0.448828 0.574306 0.092969 0.070833
0 0.144922 0.580556 0.022656 0.027778
0 0.037500 0.605556 0.034375 0.036111
0 0.120703 0.583333 0.016406 0.025000
0 0.857812 0.545139 0.043750 0.037500
0 0.817578 0.550694 0.035156 0.040278
0 0.870313 0.563194 0.084375 0.056944
0 0.092969 0.586806 0.018750 0.023611
0 0.767578 0.552778 0.036719 0.038889
0 0.075391 0.589583 0.014844 0.023611
0 0.373437 0.577778 0.034375 0.030556
0 0.963672 0.552778 0.067969 0.091667
3 0.715234 0.541667 0.035156 0.041667
