2 0.276172 0.561806 0.057031 0.045833
0 0.201563 0.580556 0.020313 0.030556
2 0.554297 0.540278 0.197656 0.111111
0 0.242188 0.604861 0.090625 0.062500
0 0.389844 0.572917 0.076563 0.059722
0 0.144922 0.580556 0.022656 0.027778
0 0.021484 0.605556 0.025781 0.038889
0 0.120703 0.583333 0.016406 0.025000
0 0.810937 0.568056 0.084375 0.058333
0 0.092969 0.586806 0.018750 0.023611
0 0.767578 0.552778 0.036719 0.038889
0 0.075391 0.589583 0.014844 0.023611
0 0.345703 0.577083 0.036719 0.034722
0 0.963672 0.552778 0.067969 0.091667
0 0.273438 0.580556 0.032813 0.030556
0 0.878516 0.559028 0.074219 0.093056
0 0.931250 0.535417 0.034375 0.040278
0 0.675000 0.552083 0.028125 0.023611
3 0.715234 0.541667 0.035156 0.041667
