2 0.264453 0.559722 0.039844 0.050000
2 0.512891 0.547917 0.186719 0.112500
0 0.184766 0.599306 0.069531 0.056944
0 0.144922 0.580556 0.022656 0.027778
0 0.120703 0.583333 0.016406 0.025000
0 0.783203 0.561806 0.083594 0.087500
0 0.092969 0.586806 0.018750 0.023611
0 0.075391 0.589583 0.014844 0.023611
0 0.338281 0.574306 0.062500 0.054167
0 0.926953 0.574306 0.121094 0.101389
0 0.251172 0.580556 0.035156 0.030556
0 0.857812 0.544444 0.046875 0.041667
0 0.731641 0.564583 0.050781 0.054167
0 0.891016 0.541667 0.028906 0.036111
0 0.394141 0.569444 0.033594 0.030556
0 0.623437 0.549306 0.015625 0.023611
0 0.644922 0.553472 0.025781 0.026389
0 0.675000 0.552083 0.028125 0.023611
3 0.715234 0.541667 0.035156 0.041667
