2 0.248828 0.565278 0.044531 0.052778
2 0.470703 0.547917 0.169531 0.104167
0 0.139453 0.609028 0.060156 0.054167
0 0.120703 0.583333 0.016406 0.025000
0 0.092969 0.586806 0.018750 0.023611
0 0.075391 0.589583 0.014844 0.023611
0 0.298047 0.577083 0.058594 0.054167
0 0.794141 0.586806 0.138281 0.106944
0 0.230469 0.579167 0.029687 0.030556
0 0.691797 0.563194 0.083594 0.087500
0 0.762891 0.554167 0.049219 0.036111
0 0.930078 0.535417 0.039844 0.043056
0 0.884766 0.565278 0.058594 0.061111
0 0.394141 0.569444 0.033594 0.030556
0 0.598047 0.555556 0.032031 0.030556
0 0.623437 0.549306 0.015625 0.023611
0 0.644922 0.553472 0.025781 0.026389
