0 0.759375 0.554167 0.053125 0.033333
0 0.816016 0.540972 0.038281 0.037500
0 0.901563 0.540278 0.034375 0.036111
0 0.863672 0.547917 0.061719 0.056944
0 0.172656 0.600694 0.057813 0.068056
3 0.416406 0.615972 0.214062 0.212500
3 0.964453 0.519444 0.030469 0.036111
0 0.094531 0.593056 0.020313 0.036111
0 0.073047 0.591667 0.021094 0.038889
0 0.113672 0.584722 0.017969 0.036111
0 0.966797 0.611806 0.066406 0.134722
0 0.289844 0.607639 0.068750 0.084722
0 0.135156 0.585417 0.018750 0.029167
0 0.510547 0.560417 0.030469 0.031944
0 0.554688 0.561806 0.025000 0.023611
0 0.598047 0.555556 0.032031 0.030556
0 0.623437 0.549306 0.015625 0.023611
0 0.644922 0.553472 0.025781 0.026389
0 0.675000 0.552083 0.028125 0.023611
3 0.715234 0.541667 0.035156 0.041667
