0 0.759375 0.554167 0.053125 0.033333
0 0.821094 0.543056 0.048438 0.036111
0 0.860547 0.546528 0.044531 0.043056
0 0.918750 0.545833 0.050000 0.063889
0 0.199219 0.605556 0.070312 0.080556
3 0.537891 0.624306 0.271094 0.251389
3 0.959766 0.524306 0.033594 0.043056
0 0.098828 0.593056 0.019531 0.033333
0 0.080859 0.591667 0.021094 0.038889
0 0.120703 0.586806 0.019531 0.031944
0 0.356250 0.611806 0.106250 0.106944
0 0.144141 0.581944 0.019531 0.030556
0 0.394141 0.569444 0.033594 0.030556
0 0.644922 0.553472 0.025781 0.026389
0 0.675000 0.552083 0.028125 0.023611
3 0.715234 0.541667 0.035156 0.041667
