0 0.821094 0.543056 0.048438 0.036111
0 0.860547 0.546528 0.044531 0.043056
0 0.901563 0.540278 0.034375 0.036111
0 0.957031 0.540278 0.029687 0.047222
0 0.232422 0.611806 0.089844 0.095833
3 0.700000 0.625694 0.318750 0.281944
3 0.959766 0.524306 0.033594 0.043056
0 0.090234 0.594444 0.028906 0.047222
0 0.127734 0.588889 0.021094 0.036111
0 0.448437 0.619444 0.159375 0.130556
0 0.153516 0.581944 0.025781 0.038889
0 0.110547 0.594444 0.016406 0.033333
0 0.394141 0.569444 0.033594 0.030556
0 0.478516 0.561806 0.025781 0.029167
0 0.510547 0.560417 0.030469 0.031944
