0 0.744922 0.550694 0.024219 0.037500
0 0.275781 0.619444 0.112500 0.113889
3 0.878125 0.611806 0.243750 0.295833
0 0.104297 0.599306 0.035156 0.054167
0 0.139063 0.591667 0.026562 0.038889
0 0.571875 0.627778 0.193750 0.138889
0 0.166797 0.583333 0.027344 0.036111
0 0.077734 0.586806 0.017969 0.031944
0 0.394141 0.569444 0.033594 0.030556
0 0.478516 0.561806 0.025781 0.029167
0 0.510547 0.560417 0.030469 0.031944
0 0.598047 0.555556 0.032031 0.030556
0 0.623437 0.549306 0.015625 0.023611
0 0.644922 0.553472 0.025781 0.026389
0 0.675000 0.552083 0.028125 0.023611
3 0.715234 0.541667 0.035156 0.041667
