0 0.759375 0.554167 0.053125 0.033333
0 0.345703 0.630556 0.149219 0.130556
0 0.123828 0.605556 0.044531 0.072222
0 0.148047 0.588194 0.027344 0.043056
0 0.735547 0.627083 0.211719 0.154167
0 0.182422 0.581944 0.035156 0.041667
0 0.080078 0.586806 0.016406 0.029167
0 0.819922 0.549306 0.046094 0.037500
0 0.860938 0.543056 0.040625 0.044444
0 0.900000 0.536806 0.037500 0.037500
3 0.942578 0.524306 0.022656 0.048611
0 0.267188 0.602778 0.037500 0.058333
0 0.394141 0.569444 0.033594 0.030556
0 0.478516 0.561806 0.025781 0.029167
0 0.510547 0.560417 0.030469 0.031944
0 0.554688 0.561806 0.025000 0.023611
0 0.598047 0.555556 0.032031 0.030556
0 0.623437 0.549306 0.015625 0.023611
0 0.644922 0.553472 0.025781 0.026389
0 0.675000 0.552083 0.028125 0.023611
3 0.715234 0.541667 0.035156 0.041667
