0 0.759375 0.554167 0.053125 0.033333
0 0.445703 0.646528 0.202344 0.165278
0 0.154297 0.624306 0.066406 0.095833
0 0.910547 0.622917 0.178906 0.154167
0 0.204297 0.584028 0.042969 0.048611
0 0.082422 0.586806 0.016406 0.031944
0 0.819922 0.549306 0.046094 0.037500
0 0.860938 0.543056 0.040625 0.044444
0 0.900000 0.536806 0.037500 0.037500
3 0.947266 0.524306 0.030469 0.045833
0 0.326562 0.609028 0.078125 0.076389
3 0.108594 0.572222 0.014063 0.025000
0 0.478516 0.561806 0.025781 0.029167
0 0.510547 0.560417 0.030469 0.031944
0 0.554688 0.561806 0.025000 0.023611
0 0.598047 0.555556 0.032031 0.030556
0 0.623437 0.549306 0.015625 0.023611
0 0.644922 0.553472 0.025781 0.026389
0 0.675000 0.552083 0.028125 0.023611
3 0.715234 0.541667 0.035156 0.041667
