0 0.759375 0.554167 0.053125 0.033333
0 0.595703 0.657639 0.257031 0.187500
0 0.206641 0.643056 0.102344 0.119444
0 0.232031 0.582639 0.053125 0.048611
0 0.086328 0.593056 0.019531 0.033333
0 0.819922 0.549306 0.046094 0.037500
0 0.860938 0.543056 0.040625 0.044444
0 0.900000 0.536806 0.037500 0.037500
3 0.947266 0.524306 0.030469 0.045833
0 0.408594 0.613889 0.129688 0.088889
3 0.115625 0.572917 0.018750 0.031944
0 0.142969 0.599306 0.037500 0.054167
0 0.394141 0.569444 0.033594 0.030556
0 0.478516 0.561806 0.025781 0.029167
0 0.510547 0.560417 0.030469 0.031944
0 0.598047 0.555556 0.032031 0.030556
0 0.623437 0.549306 0.015625 0.023611
0 0.644922 0.553472 0.025781 0.026389
0 0.675000 0.552083 0.028125 0.023611
3 0.715234 0.541667 0.035156 0.041667
