0 0.759375 0.554167 0.053125 0.033333
0 0.785547 0.658333 0.280469 0.197222
0 0.316016 0.682639 0.186719 0.187500
0 0.270703 0.577083 0.053906 0.048611
0 0.092969 0.593056 0.020313 0.036111
0 0.819922 0.549306 0.046094 0.037500
0 0.860938 0.543056 0.040625 0.044444
0 0.900000 0.536806 0.037500 0.037500
3 0.941016 0.524306 0.033594 0.045833
0 0.506641 0.621528 0.169531 0.109722
3 0.120313 0.574306 0.018750 0.031944
0 0.162109 0.605556 0.049219 0.063889
0 0.192188 0.593056 0.034375 0.044444
0 0.394141 0.569444 0.033594 0.030556
0 0.478516 0.561806 0.025781 0.029167
0 0.510547 0.560417 0.030469 0.031944
0 0.554688 0.561806 0.025000 0.023611
0 0.598047 0.555556 0.032031 0.030556
0 0.623437 0.549306 0.015625 0.023611
0 0.644922 0.553472 0.025781 0.026389
0 0.675000 0.552083 0.028125 0.023611
3 0.715234 0.541667 0.035156 0.041667
