0 0.759375 0.554167 0.053125 0.033333
0 0.931641 0.652778 0.135156 0.219444
0 0.573828 0.746528 0.369531 0.331944
0 0.314063 0.581944 0.075000 0.063889
0 0.098047 0.593056 0.021094 0.036111
0 0.819922 0.549306 0.046094 0.037500
0 0.860938 0.543056 0.040625 0.044444
0 0.900000 0.536806 0.037500 0.037500
3 0.941016 0.524306 0.033594 0.045833
0 0.648047 0.620139 0.169531 0.109722
3 0.123828 0.571528 0.025781 0.026389
0 0.183594 0.610417 0.064062 0.068056
0 0.212891 0.593056 0.038281 0.050000
0 0.152344 0.588194 0.021875 0.026389
0 0.076953 0.586806 0.016406 0.029167
0 0.394141 0.569444 0.033594 0.030556
0 0.478516 0.561806 0.025781 0.029167
0 0.510547 0.560417 0.030469 0.031944
0 0.554688 0.561806 0.025000 0.023611
0 0.598047 0.555556 0.032031 0.030556
0 0.623437 0.549306 0.015625 0.023611
0 0.644922 0.553472 0.025781 0.026389
0 0.675000 0.552083 0.028125 0.023611
3 0.715234 0.541667 0.035156 0.041667
