0 0.759375 0.554167 0.053125 0.033333
0 0.821094 0.543056 0.048438 0.036111
0 0.860547 0.546528 0.044531 0.043056
0 0.901563 0.536806 0.042188 0.043056
3 0.585938 0.549306 0.117188 0.098611
0 0.329297 0.635417 0.113281 0.106944
0 0.176563 0.591667 0.043750 0.044444
0 0.128906 0.597917 0.031250 0.043056
0 0.089063 0.594444 0.021875 0.050000
0 0.054688 0.586806 0.018750 0.034722
0 0.287500 0.604167 0.065625 0.063889
0 0.394141 0.569444 0.033594 0.030556
0 0.478516 0.561806 0.025781 0.029167
0 0.510547 0.560417 0.030469 0.031944
0 0.644922 0.553472 0.025781 0.026389
0 0.675000 0.552083 0.028125 0.023611
3 0.715234 0.541667 0.035156 0.041667
