0 0.759375 0.554167 0.053125 0.033333
0 0.448437 0.575694 0.100000 0.070833
0 0.108203 0.594444 0.025781 0.036111
0 0.819922 0.549306 0.046094 0.037500
0 0.860938 0.543056 0.040625 0.044444
0 0.900000 0.536806 0.037500 0.037500
3 0.941016 0.524306 0.033594 0.045833
0 0.931641 0.618056 0.135156 0.141667
3 0.127734 0.571528 0.028906 0.026389
0 0.244141 0.625694 0.092969 0.093056
0 0.280078 0.602778 0.038281 0.050000
0 0.188672 0.586806 0.039844 0.034722
0 0.081641 0.588194 0.016406 0.031944
0 0.394141 0.569444 0.033594 0.030556
0 0.478516 0.561806 0.025781 0.029167
0 0.510547 0.560417 0.030469 0.031944
0 0.554688 0.561806 0.025000 0.023611
0 0.598047 0.555556 0.032031 0.030556
0 0.623437 0.549306 0.015625 0.023611
0 0.644922 0.553472 0.025781 0.026389
0 0.675000 0.552083 0.028125 0.023611
3 0.715234 0.541667 0.035156 0.041667
