0 0.759375 0.554167 0.053125 0.033333
0 0.531641 0.574306 0.100781 0.070833
0 0.121094 0.595833 0.025000 0.033333
0 0.819922 0.549306 0.046094 0.037500
0 0.860938 0.543056 0.040625 0.044444
0 0.900000 0.536806 0.037500 0.037500
3 0.941016 0.524306 0.033594 0.045833
3 0.134375 0.571528 0.040625 0.026389
0 0.301563 0.636806 0.120313 0.109722
0 0.211719 0.586806 0.045312 0.040278
0 0.087109 0.586806 0.022656 0.037500
0 0.136328 0.590972 0.021094 0.023611
0 0.394141 0.569444 0.033594 0.030556
0 0.478516 0.561806 0.025781 0.029167
0 0.598047 0.555556 0.032031 0.030556
0 0.623437 0.549306 0.015625 0.023611
0 0.644922 0.553472 0.025781 0.026389
0 0.675000 0.552083 0.028125 0.023611
3 0.715234 0.541667 0.035156 0.041667
