0 0.759375 0.554167 0.053125 0.033333
0 0.623437 0.568056 0.100000 0.069444
0 0.819922 0.549306 0.046094 0.037500
0 0.860938 0.543056 0.040625 0.044444
0 0.900000 0.536806 0.037500 0.037500
3 0.934766 0.524306 0.032031 0.045833
3 0.136328 0.568056 0.046094 0.022222
0 0.376953 0.641667 0.152344 0.130556
0 0.241797 0.586806 0.055469 0.043056
0 0.091016 0.586806 0.024219 0.034722
0 0.128516 0.600694 0.028906 0.043056
0 0.973047 0.529167 0.022656 0.025000
0 0.148828 0.591667 0.019531 0.025000
0 0.394141 0.569444 0.033594 0.030556
0 0.478516 0.561806 0.025781 0.029167
0 0.510547 0.560417 0.030469 0.031944
0 0.554688 0.561806 0.025000 0.023611
0 0.675000 0.552083 0.028125 0.023611
3 0.715234 0.541667 0.035156 0.041667
