0 0.759375 0.554167 0.053125 0.033333
0 0.711719 0.561806 0.092188 0.068056
0 0.819922 0.549306 0.046094 0.037500
0 0.860938 0.543056 0.040625 0.044444
0 0.900000 0.536806 0.037500 0.037500
3 0.934766 0.524306 0.032031 0.045833
3 0.136328 0.568056 0.046094 0.022222
0 0.494141 0.661806 0.211719 0.151389
0 0.278125 0.586806 0.062500 0.045833
0 0.095703 0.588194 0.024219 0.034722
0 0.141016 0.602778 0.033594 0.044444
0 0.973047 0.529167 0.022656 0.025000
0 0.163672 0.591667 0.021094 0.030556
0 0.411719 0.616667 0.092188 0.083333
0 0.394141 0.569444 0.033594 0.030556
0 0.478516 0.561806 0.025781 0.029167
0 0.510547 0.560417 0.030469 0.031944
0 0.554688 0.561806 0.025000 0.023611
0 0.598047 0.555556 0.032031 0.030556
0 0.623437 0.549306 0.015625 0.023611
0 0.644922 0.553472 0.025781 0.026389
