0 0.759375 0.554167 0.053125 0.033333
0 0.795312 0.555556 0.075000 0.061111
0 0.819922 0.549306 0.046094 0.037500
0 0.860938 0.543056 0.040625 0.044444
0 0.900000 0.536806 0.037500 0.037500
3 0.934766 0.524306 0.032031 0.045833
3 0.144141 0.563194 0.035156 0.031944
0 0.661719 0.668056 0.253125 0.169444
0 0.324219 0.585417 0.073438 0.051389
0 0.101562 0.586806 0.025000 0.040278
0 0.153125 0.604167 0.043750 0.047222
0 0.973047 0.529167 0.022656 0.025000
0 0.176953 0.588194 0.028906 0.040278
0 0.511719 0.620833 0.134375 0.105556
3 0.116016 0.584028 0.017969 0.031944
0 0.394141 0.569444 0.033594 0.030556
0 0.478516 0.561806 0.025781 0.029167
0 0.510547 0.560417 0.030469 0.031944
0 0.554688 0.561806 0.025000 0.023611
0 0.598047 0.555556 0.032031 0.030556
0 0.623437 0.549306 0.015625 0.023611
0 0.644922 0.553472 0.025781 0.026389
0 0.675000 0.552083 0.028125 0.023611
3 0.715234 0.541667 0.035156 0.041667
