0 0.759375 0.554167 0.053125 0.033333
0 0.819922 0.549306 0.046094 0.037500
0 0.860938 0.543056 0.040625 0.044444
0 0.900000 0.536806 0.037500 0.037500
1 0.934766 0.524306 0.032031 0.045833
3 0.144141 0.563194 0.035156 0.031944
0 0.963672 0.658333 0.072656 0.188889
0 0.451953 0.582639 0.092969 0.059722
0 0.112891 0.589583 0.025781 0.045833
0 0.190625 0.608333 0.062500 0.063889
0 0.971094 0.528472 0.026562 0.026389
0 0.217578 0.589583 0.049219 0.043056
0 0.797266 0.629167 0.192969 0.141667
3 0.132422 0.585417 0.019531 0.043056
0 0.910547 0.550694 0.052344 0.059722
0 0.394141 0.569444 0.033594 0.030556
0 0.478516 0.561806 0.025781 0.029167
0 0.510547 0.560417 0.030469 0.031944
0 0.554688 0.561806 0.025000 0.023611
0 0.598047 0.555556 0.032031 0.030556
0 0.623437 0.549306 0.015625 0.023611
0 0.644922 0.553472 0.025781 0.026389
0 0.675000 0.552083 0.028125 0.023611
3 0.715234 0.541667 0.035156 0.041667
