0 0.759375 0.554167 0.053125 0.033333
0 0.819922 0.549306 0.046094 0.037500
0 0.860938 0.543056 0.040625 0.044444
0 0.900000 0.536806 0.037500 0.037500
3 0.934766 0.524306 0.032031 0.045833
3 0.144141 0.563194 0.035156 0.031944
0 0.533203 0.580556 0.099219 0.058333
0 0.125391 0.593056 0.035156 0.052778
0 0.219531 0.613194 0.068750 0.068056
0 0.971094 0.528472 0.026562 0.026389
0 0.246875 0.593056 0.056250 0.052778
0 0.926953 0.630556 0.144531 0.144444
3 0.140625 0.580556 0.021875 0.044444
0 0.910547 0.550694 0.052344 0.059722
0 0.394141 0.569444 0.033594 0.030556
0 0.478516 0.561806 0.025781 0.029167
0 0.598047 0.555556 0.032031 0.030556
0 0.623437 0.549306 0.015625 0.023611
0 0.644922 0.553472 0.025781 0.026389
0 0.675000 0.552083 0.028125 0.023611
3 0.715234 0.541667 0.035156 0.041667
