0 0.759375 0.554167 0.053125 0.033333
0 0.819922 0.549306 0.046094 0.037500
0 0.860938 0.543056 0.040625 0.044444
0 0.900000 0.536806 0.037500 0.037500
3 0.934766 0.524306 0.032031 0.045833
0 0.622266 0.574306 0.103906 0.062500
0 0.135547 0.597222 0.039844 0.047222
0 0.260156 0.621528 0.092188 0.084722
0 0.978516 0.535417 0.042969 0.037500
0 0.283594 0.591667 0.075000 0.055556
3 0.153516 0.584028 0.024219 0.045833
0 0.394141 0.569444 0.033594 0.030556
0 0.478516 0.561806 0.025781 0.029167
0 0.510547 0.560417 0.030469 0.031944
0 0.554688 0.561806 0.025000 0.023611
0 0.675000 0.552083 0.028125 0.023611
3 0.715234 0.541667 0.035156 0.041667
0 0.644922 0.554167 0.025781 0.027778
