0 0.759375 0.554167 0.053125 0.033333
0 0.821094 0.543056 0.048438 0.036111
0 0.860547 0.546528 0.044531 0.043056
0 0.901563 0.536806 0.042188 0.043056
3 0.669922 0.549306 0.108594 0.098611
0 0.428516 0.649306 0.155469 0.123611
0 0.196094 0.594444 0.051562 0.052778
0 0.141016 0.599306 0.038281 0.045833
0 0.101562 0.595833 0.025000 0.052778
0 0.059375 0.593056 0.018750 0.033333
0 0.347266 0.609028 0.088281 0.079167
0 0.394141 0.569444 0.033594 0.030556
0 0.478516 0.561806 0.025781 0.029167
0 0.510547 0.560417 0.030469 0.031944
0 0.554688 0.561806 0.025000 0.023611
0 0.598047 0.555556 0.032031 0.030556
3 0.715234 0.541667 0.035156 0.041667
