0 0.759375 0.554167 0.053125 0.033333
0 0.819922 0.549306 0.046094 0.037500
0 0.860938 0.543056 0.040625 0.044444
0 0.900000 0.536806 0.037500 0.037500
3 0.934766 0.524306 0.032031 0.045833
0 0.708594 0.570833 0.092188 0.061111
0 0.148438 0.594444 0.046875 0.055556
0 0.314844 0.638889 0.123438 0.102778
0 0.978516 0.535417 0.042969 0.037500
0 0.333203 0.599306 0.089844 0.073611
3 0.169141 0.580556 0.024219 0.050000
3 0.097656 0.588194 0.028125 0.043056
0 0.394141 0.569444 0.033594 0.030556
0 0.478516 0.561806 0.025781 0.029167
0 0.510547 0.560417 0.030469 0.031944
0 0.554688 0.561806 0.025000 0.023611
0 0.598047 0.555556 0.032031 0.030556
0 0.623437 0.549306 0.015625 0.023611
0 0.644922 0.553472 0.025781 0.026389
3 0.715234 0.541667 0.035156 0.041667
