0 0.819922 0.549306 0.046094 0.037500
0 0.860938 0.543056 0.040625 0.044444
0 0.900000 0.536806 0.037500 0.037500
3 0.934766 0.524306 0.032031 0.045833
0 0.783203 0.569444 0.083594 0.063889
0 0.167187 0.597917 0.056250 0.062500
0 0.393750 0.649306 0.165625 0.118056
0 0.966016 0.530556 0.025781 0.025000
0 0.392969 0.605556 0.131250 0.077778
3 0.187500 0.575694 0.031250 0.045833
3 0.106641 0.590278 0.025781 0.047222
0 0.478516 0.561806 0.025781 0.029167
0 0.510547 0.560417 0.030469 0.031944
0 0.554688 0.561806 0.025000 0.023611
0 0.598047 0.555556 0.032031 0.030556
0 0.623437 0.549306 0.015625 0.023611
0 0.644922 0.553472 0.025781 0.026389
0 0.675000 0.552083 0.028125 0.023611
3 0.715234 0.541667 0.035156 0.041667
