0 0.759375 0.554167 0.053125 0.033333
0 0.900000 0.536806 0.037500 0.037500
3 0.934766 0.524306 0.032031 0.045833
0 0.847266 0.560417 0.074219 0.056944
0 0.187500 0.602083 0.065625 0.079167
0 0.510156 0.663889 0.215625 0.147222
0 0.476172 0.615278 0.164844 0.091667
3 0.193359 0.566667 0.063281 0.086111
3 0.110547 0.591667 0.033594 0.050000
0 0.965234 0.529167 0.024219 0.025000
0 0.136328 0.588194 0.022656 0.043056
0 0.085938 0.591667 0.018750 0.030556
0 0.394141 0.569444 0.033594 0.030556
0 0.478516 0.561806 0.025781 0.029167
0 0.510547 0.560417 0.030469 0.031944
0 0.554688 0.561806 0.025000 0.023611
0 0.598047 0.555556 0.032031 0.030556
0 0.623437 0.549306 0.015625 0.023611
0 0.644922 0.553472 0.025781 0.026389
0 0.675000 0.552083 0.028125 0.023611
3 0.715234 0.541667 0.035156 0.041667
