0 0.759375 0.554167 0.053125 0.033333
0 0.819922 0.549306 0.046094 0.037500
0 0.860938 0.543056 0.040625 0.044444
3 0.934766 0.524306 0.032031 0.045833
0 0.902344 0.556944 0.060937 0.055556
0 0.215625 0.605556 0.081250 0.091667
0 0.671094 0.670833 0.259375 0.172222
0 0.561328 0.619444 0.147656 0.105556
1 0.122266 0.585417 0.025781 0.056944
0 0.965234 0.529167 0.024219 0.025000
0 0.149219 0.586806 0.028125 0.043056
0 0.092578 0.590972 0.017969 0.037500
0 0.394141 0.569444 0.033594 0.030556
0 0.478516 0.561806 0.025781 0.029167
0 0.510547 0.560417 0.030469 0.031944
0 0.554688 0.561806 0.025000 0.023611
0 0.598047 0.555556 0.032031 0.030556
0 0.623437 0.549306 0.015625 0.023611
0 0.644922 0.553472 0.025781 0.026389
0 0.675000 0.552083 0.028125 0.023611
3 0.715234 0.541667 0.035156 0.041667
