0 0.759375 0.554167 0.053125 0.033333
0 0.819922 0.549306 0.046094 0.037500
0 0.860938 0.543056 0.040625 0.044444
0 0.900000 0.536806 0.037500 0.037500
3 0.934766 0.524306 0.032031 0.045833
0 0.945703 0.550694 0.049219 0.056944
0 0.255078 0.618056 0.099219 0.105556
0 0.854297 0.668056 0.241406 0.188889
0 0.708594 0.621528 0.195312 0.118056
3 0.127344 0.590278 0.037500 0.058333
0 0.164844 0.588194 0.032813 0.043056
0 0.094531 0.590972 0.021875 0.037500
0 0.394141 0.569444 0.033594 0.030556
0 0.478516 0.561806 0.025781 0.029167
0 0.510547 0.560417 0.030469 0.031944
0 0.554688 0.561806 0.025000 0.023611
0 0.598047 0.555556 0.032031 0.030556
0 0.623437 0.549306 0.015625 0.023611
0 0.644922 0.553472 0.025781 0.026389
0 0.675000 0.552083 0.028125 0.023611
3 0.715234 0.541667 0.035156 0.041667
