0 0.759375 0.554167 0.053125 0.033333
0 0.819922 0.549306 0.046094 0.037500
0 0.860938 0.543056 0.040625 0.044444
0 0.900000 0.536806 0.037500 0.037500
3 0.934766 0.524306 0.032031 0.045833
0 0.975000 0.540278 0.046875 0.044444
0 0.310547 0.630556 0.136719 0.125000
0 0.964453 0.649306 0.069531 0.181944
0 0.850391 0.618056 0.191406 0.122222
3 0.140625 0.590278 0.037500 0.058333
0 0.182031 0.588194 0.032813 0.043056
0 0.102344 0.591667 0.020313 0.030556
0 0.394141 0.569444 0.033594 0.030556
0 0.478516 0.561806 0.025781 0.029167
0 0.510547 0.560417 0.030469 0.031944
0 0.554688 0.561806 0.025000 0.023611
0 0.598047 0.555556 0.032031 0.030556
0 0.623437 0.549306 0.015625 0.023611
0 0.644922 0.553472 0.025781 0.026389
0 0.675000 0.552083 0.028125 0.023611
3 0.715234 0.541667 0.035156 0.041667
3 0.299219 0.547917 0.104688 0.095833
