0 0.759375 0.554167 0.053125 0.033333
0 0.819922 0.549306 0.046094 0.037500
0 0.860938 0.543056 0.040625 0.044444
0 0.900000 0.536806 0.037500 0.037500
3 0.934766 0.524306 0.032031 0.045833
0 0.393750 0.638194 0.181250 0.148611
0 0.945312 0.612500 0.109375 0.125000
3 0.355078 0.564583 0.125781 0.151389
3 0.150781 0.590278 0.048438 0.075000
0 0.965234 0.529167 0.024219 0.025000
0 0.200781 0.591667 0.050000 0.055556
0 0.108203 0.590972 0.024219 0.037500
0 0.478516 0.561806 0.025781 0.029167
0 0.510547 0.560417 0.030469 0.031944
0 0.554688 0.561806 0.025000 0.023611
0 0.598047 0.555556 0.032031 0.030556
0 0.623437 0.549306 0.015625 0.023611
0 0.644922 0.553472 0.025781 0.026389
0 0.675000 0.552083 0.028125 0.023611
3 0.715234 0.541667 0.035156 0.041667
