0 0.759375 0.554167 0.053125 0.033333
0 0.819922 0.549306 0.046094 0.037500
0 0.860938 0.543056 0.040625 0.044444
0 0.900000 0.536806 0.037500 0.037500
3 0.934766 0.524306 0.032031 0.045833
0 0.514844 0.656944 0.237500 0.169444
3 0.423828 0.572917 0.146094 0.193056
3 0.165234 0.593056 0.058594 0.075000
0 0.965234 0.529167 0.024219 0.025000
0 0.226953 0.594444 0.061719 0.061111
0 0.114844 0.596528 0.023438 0.040278
3 0.992188 0.518056 0.014063 0.030556
0 0.510547 0.560417 0.030469 0.031944
0 0.554688 0.561806 0.025000 0.023611
0 0.598047 0.555556 0.032031 0.030556
0 0.623437 0.549306 0.015625 0.023611
0 0.644922 0.553472 0.025781 0.026389
0 0.675000 0.552083 0.028125 0.023611
3 0.715234 0.541667 0.035156 0.041667
