0 0.759375 0.554167 0.053125 0.033333
0 0.819922 0.549306 0.046094 0.037500
0 0.860938 0.543056 0.040625 0.044444
0 0.900000 0.536806 0.037500 0.037500
3 0.934766 0.524306 0.032031 0.045833
0 0.679688 0.663194 0.281250 0.201389
3 0.528516 0.577778 0.188281 0.227778
3 0.183984 0.599306 0.063281 0.081944
0 0.965234 0.529167 0.024219 0.025000
0 0.260937 0.595833 0.075000 0.075000
0 0.120313 0.594444 0.026562 0.033333
3 0.992188 0.518056 0.014063 0.030556
0 0.394141 0.569444 0.033594 0.030556
0 0.623437 0.549306 0.015625 0.023611
0 0.644922 0.553472 0.025781 0.026389
0 0.675000 0.552083 0.028125 0.023611
3 0.715234 0.541667 0.035156 0.041667
