0 0.759375 0.554167 0.053125 0.033333
0 0.819922 0.549306 0.046094 0.037500
0 0.860938 0.543056 0.040625 0.044444
0 0.900000 0.536806 0.037500 0.037500
3 0.934766 0.524306 0.032031 0.045833
0 0.871094 0.659028 0.257812 0.212500
3 0.659375 0.568056 0.218750 0.247222
3 0.204687 0.600694 0.084375 0.095833
0 0.965234 0.529167 0.024219 0.025000
0 0.307812 0.601389 0.093750 0.088889
0 0.130078 0.595833 0.027344 0.044444
3 0.992188 0.518056 0.014063 0.030556
0 0.085547 0.589583 0.016406 0.031944
0 0.394141 0.569444 0.033594 0.030556
0 0.478516 0.561806 0.025781 0.029167
0 0.510547 0.560417 0.030469 0.031944
