0 0.821094 0.543056 0.048438 0.036111
0 0.860547 0.546528 0.044531 0.043056
0 0.901563 0.536806 0.042188 0.043056
3 0.744922 0.543056 0.103906 0.105556
0 0.567578 0.661806 0.199219 0.165278
0 0.220312 0.596528 0.059375 0.056944
0 0.150781 0.602083 0.043750 0.054167
0 0.117578 0.602083 0.036719 0.073611
0 0.061328 0.593056 0.024219 0.033333
0 0.433594 0.619444 0.121875 0.105556
0 0.394141 0.569444 0.033594 0.030556
0 0.478516 0.561806 0.025781 0.029167
0 0.510547 0.560417 0.030469 0.031944
0 0.554688 0.561806 0.025000 0.023611
0 0.598047 0.555556 0.032031 0.030556
0 0.623437 0.549306 0.015625 0.023611
0 0.644922 0.553472 0.025781 0.026389
0 0.675000 0.552083 0.028125 0.023611
