0 0.900000 0.536806 0.037500 0.037500
3 0.934766 0.524306 0.032031 0.045833
0 0.972266 0.645139 0.055469 0.184722
3 0.807813 0.558333 0.223438 0.263889
3 0.239453 0.605556 0.097656 0.116667
0 0.965234 0.529167 0.024219 0.025000
0 0.369922 0.606944 0.117969 0.102778
0 0.139844 0.594444 0.031250 0.044444
3 0.992188 0.518056 0.014063 0.030556
0 0.089844 0.586806 0.018750 0.031944
0 0.156641 0.588194 0.024219 0.037500
0 0.110547 0.581944 0.013281 0.022222
0 0.478516 0.561806 0.025781 0.029167
0 0.510547 0.560417 0.030469 0.031944
0 0.554688 0.561806 0.025000 0.023611
0 0.598047 0.555556 0.032031 0.030556
0 0.623437 0.549306 0.015625 0.023611
0 0.644922 0.553472 0.025781 0.026389
0 0.675000 0.552083 0.028125 0.023611
