3 0.925781 0.552083 0.146875 0.270833
3 0.283594 0.611806 0.128125 0.131944
0 0.457422 0.616667 0.149219 0.113889
0 0.150000 0.599306 0.043750 0.054167
0 0.092188 0.591667 0.025000 0.038889
0 0.168359 0.588194 0.024219 0.043056
0 0.113672 0.581944 0.019531 0.022222
0 0.846484 0.543056 0.017969 0.036111
0 0.816406 0.549306 0.042188 0.031944
0 0.760547 0.550694 0.052344 0.037500
0 0.386719 0.568056 0.017188 0.025000
0 0.478516 0.561806 0.025781 0.029167
0 0.510547 0.560417 0.030469 0.031944
0 0.554688 0.561806 0.025000 0.023611
0 0.598047 0.555556 0.032031 0.030556
0 0.623437 0.549306 0.015625 0.023611
0 0.644922 0.553472 0.025781 0.026389
0 0.675000 0.552083 0.028125 0.023611
3 0.715234 0.541667 0.035156 0.041667
