3 0.344141 0.624306 0.172656 0.159722
0 0.572266 0.619444 0.182031 0.136111
0 0.169141 0.604861 0.046094 0.062500
0 0.097266 0.590278 0.025781 0.041667
0 0.119141 0.581944 0.024219 0.030556
0 0.859375 0.543056 0.043750 0.036111
0 0.816406 0.549306 0.042188 0.031944
0 0.760547 0.550694 0.052344 0.037500
0 0.898828 0.538194 0.038281 0.031944
3 0.930859 0.527778 0.033594 0.052778
0 0.961719 0.525694 0.021875 0.023611
0 0.478516 0.561806 0.025781 0.029167
0 0.510547 0.560417 0.030469 0.031944
0 0.598047 0.555556 0.032031 0.030556
0 0.623437 0.549306 0.015625 0.023611
0 0.644922 0.553472 0.025781 0.026389
0 0.675000 0.552083 0.028125 0.023611
3 0.715234 0.541667 0.035156 0.041667
