3 0.433984 0.630556 0.225781 0.194444
0 0.714844 0.622917 0.204687 0.145833
0 0.189453 0.606944 0.053906 0.066667
0 0.103125 0.593056 0.025000 0.047222
0 0.122266 0.580556 0.017969 0.030556
0 0.859375 0.543056 0.043750 0.036111
0 0.816406 0.549306 0.042188 0.031944
0 0.760547 0.550694 0.052344 0.037500
0 0.898828 0.538194 0.038281 0.031944
3 0.930859 0.527778 0.033594 0.052778
0 0.961719 0.525694 0.021875 0.023611
0 0.510547 0.560417 0.030469 0.031944
0 0.554688 0.561806 0.025000 0.023611
0 0.598047 0.555556 0.032031 0.030556
0 0.623437 0.549306 0.015625 0.023611
3 0.715234 0.541667 0.035156 0.041667
