3 0.562500 0.638194 0.290625 0.218056
0 0.862109 0.622917 0.192969 0.143056
0 0.216406 0.613194 0.065625 0.081944
0 0.110937 0.593056 0.028125 0.050000
0 0.133984 0.581944 0.021094 0.025000
0 0.760547 0.550694 0.052344 0.037500
0 0.898828 0.538194 0.038281 0.031944
3 0.930859 0.527778 0.033594 0.052778
0 0.961719 0.525694 0.021875 0.023611
0 0.225781 0.579167 0.056250 0.047222
0 0.091797 0.588194 0.019531 0.034722
0 0.394141 0.569444 0.033594 0.030556
0 0.478516 0.561806 0.025781 0.029167
0 0.510547 0.560417 0.030469 0.031944
0 0.675000 0.552083 0.028125 0.023611
3 0.715234 0.541667 0.035156 0.041667
