3 0.723437 0.644444 0.312500 0.230556
0 0.956641 0.614583 0.086719 0.140278
0 0.250391 0.621528 0.077344 0.084722
0 0.122266 0.593056 0.024219 0.041667
0 0.140234 0.584028 0.024219 0.031944
0 0.859375 0.543056 0.043750 0.036111
0 0.898828 0.538194 0.038281 0.031944
3 0.930859 0.527778 0.033594 0.052778
0 0.961719 0.525694 0.021875 0.023611
0 0.273438 0.575694 0.075000 0.059722
0 0.097656 0.589583 0.018750 0.034722
0 0.209766 0.595833 0.041406 0.061111
0 0.394141 0.569444 0.033594 0.030556
0 0.478516 0.561806 0.025781 0.029167
0 0.510547 0.560417 0.030469 0.031944
0 0.554688 0.561806 0.025000 0.023611
0 0.598047 0.555556 0.032031 0.030556
0 0.623437 0.549306 0.015625 0.023611
0 0.644922 0.553472 0.025781 0.026389
0 0.675000 0.552083 0.028125 0.023611
