3 0.883594 0.641667 0.232813 0.250000
0 0.299219 0.632639 0.100000 0.101389
0 0.129688 0.596528 0.031250 0.054167
0 0.151562 0.583333 0.025000 0.036111
0 0.859375 0.543056 0.043750 0.036111
0 0.892188 0.540278 0.025000 0.036111
0 0.332813 0.577778 0.087500 0.066667
0 0.101562 0.588194 0.025000 0.043056
0 0.229687 0.600694 0.059375 0.079167
0 0.817578 0.547917 0.044531 0.040278
0 0.759375 0.550694 0.050000 0.031944
3 0.246484 0.570139 0.042969 0.048611
0 0.394141 0.569444 0.033594 0.030556
0 0.478516 0.561806 0.025781 0.029167
0 0.510547 0.560417 0.030469 0.031944
0 0.554688 0.561806 0.025000 0.023611
0 0.598047 0.555556 0.032031 0.030556
0 0.623437 0.549306 0.015625 0.023611
0 0.644922 0.553472 0.025781 0.026389
0 0.675000 0.552083 0.028125 0.023611
3 0.715234 0.541667 0.035156 0.041667
