0 0.369141 0.649306 0.130469 0.131944
0 0.141016 0.596528 0.042969 0.056944
0 0.165625 0.585417 0.028125 0.034722
0 0.859375 0.543056 0.043750 0.036111
0 0.898828 0.538194 0.038281 0.031944
0 0.407813 0.574306 0.103125 0.070833
0 0.107813 0.586806 0.025000 0.043056
0 0.255469 0.605556 0.076563 0.086111
0 0.817578 0.547917 0.044531 0.040278
0 0.759375 0.550694 0.050000 0.031944
3 0.260156 0.572917 0.070312 0.054167
3 0.931250 0.522917 0.031250 0.045833
3 0.973047 0.527778 0.030469 0.027778
0 0.080078 0.589583 0.016406 0.023611
0 0.478516 0.561806 0.025781 0.029167
0 0.510547 0.560417 0.030469 0.031944
0 0.554688 0.561806 0.025000 0.023611
0 0.598047 0.555556 0.032031 0.030556
0 0.623437 0.549306 0.015625 0.023611
0 0.644922 0.553472 0.025781 0.026389
0 0.675000 0.552083 0.028125 0.023611
3 0.715234 0.541667 0.035156 0.041667
