0 0.467578 0.654167 0.166406 0.138889
0 0.152344 0.599306 0.045312 0.065278
0 0.180859 0.585417 0.028906 0.034722
0 0.859375 0.543056 0.043750 0.036111
0 0.898828 0.538194 0.038281 0.031944
0 0.492188 0.571528 0.106250 0.076389
0 0.114844 0.591667 0.032813 0.044444
0 0.284766 0.613889 0.089844 0.088889
0 0.817578 0.547917 0.044531 0.040278
0 0.759375 0.550694 0.050000 0.031944
3 0.297266 0.571528 0.080469 0.062500
3 0.931250 0.522917 0.031250 0.045833
3 0.973047 0.527778 0.030469 0.027778
0 0.083203 0.591667 0.019531 0.025000
0 0.394141 0.569444 0.033594 0.030556
0 0.554688 0.561806 0.025000 0.023611
0 0.598047 0.555556 0.032031 0.030556
0 0.623437 0.549306 0.015625 0.023611
0 0.644922 0.553472 0.025781 0.026389
0 0.675000 0.552083 0.028125 0.023611
3 0.715234 0.541667 0.035156 0.041667
