0 0.607031 0.665278 0.207813 0.169444
0 0.167187 0.600694 0.053125 0.068056
0 0.200000 0.585417 0.040625 0.034722
0 0.859375 0.543056 0.043750 0.036111
0 0.898828 0.538194 0.038281 0.031944
0 0.594141 0.561806 0.110156 0.079167
0 0.123438 0.590972 0.028125 0.048611
0 0.321875 0.620833 0.112500 0.105556
0 0.817578 0.547917 0.044531 0.040278
0 0.759375 0.550694 0.050000 0.031944
3 0.329688 0.565278 0.087500 0.069444
3 0.931250 0.522917 0.031250 0.045833
3 0.971094 0.527778 0.026562 0.027778
0 0.086719 0.593056 0.025000 0.030556
0 0.394141 0.569444 0.033594 0.030556
0 0.478516 0.561806 0.025781 0.029167
0 0.510547 0.560417 0.030469 0.031944
0 0.644922 0.553472 0.025781 0.026389
0 0.675000 0.552083 0.028125 0.023611
3 0.715234 0.541667 0.035156 0.041667
