0 0.749219 0.554167 0.032813 0.033333
0 0.862891 0.543056 0.038281 0.036111
0 0.901563 0.536806 0.042188 0.043056
3 0.809375 0.535417 0.093750 0.095833
0 0.759766 0.668056 0.210156 0.175000
0 0.251953 0.600694 0.072656 0.062500
0 0.175000 0.604167 0.032813 0.055556
0 0.141406 0.611806 0.051562 0.093056
0 0.064844 0.595139 0.031250 0.037500
0 0.562500 0.627778 0.190625 0.122222
0 0.394141 0.569444 0.033594 0.030556
0 0.478516 0.561806 0.025781 0.029167
0 0.510547 0.560417 0.030469 0.031944
0 0.554688 0.561806 0.025000 0.023611
0 0.598047 0.555556 0.032031 0.030556
0 0.623437 0.549306 0.015625 0.023611
0 0.644922 0.553472 0.025781 0.026389
0 0.675000 0.552083 0.028125 0.023611
3 0.715234 0.541667 0.035156 0.041667
