0 0.773828 0.666667 0.213281 0.180556
0 0.185938 0.606944 0.062500 0.080556
0 0.221484 0.583333 0.050781 0.041667
0 0.859375 0.543056 0.043750 0.036111
0 0.898828 0.538194 0.038281 0.031944
0 0.690625 0.560417 0.100000 0.079167
0 0.132031 0.593056 0.037500 0.052778
0 0.373047 0.624306 0.132031 0.118056
0 0.817578 0.547917 0.044531 0.040278
0 0.759375 0.550694 0.050000 0.031944
3 0.374219 0.566667 0.095312 0.069444
3 0.931250 0.522917 0.031250 0.045833
3 0.967969 0.529167 0.029687 0.030556
0 0.094141 0.593056 0.021094 0.033333
0 0.478516 0.561806 0.025781 0.029167
0 0.510547 0.560417 0.030469 0.031944
0 0.554688 0.561806 0.025000 0.023611
0 0.598047 0.555556 0.032031 0.030556
0 0.623437 0.549306 0.015625 0.023611
