0 0.929297 0.661806 0.141406 0.193056
0 0.210938 0.611806 0.076563 0.093056
0 0.253516 0.581944 0.060156 0.044444
0 0.859375 0.543056 0.043750 0.036111
0 0.898828 0.538194 0.038281 0.031944
0 0.779687 0.555556 0.090625 0.072222
0 0.142578 0.597917 0.039844 0.056944
0 0.446484 0.636806 0.172656 0.137500
3 0.419531 0.568056 0.115625 0.077778
3 0.931250 0.522917 0.031250 0.045833
3 0.967578 0.529167 0.030469 0.030556
0 0.099219 0.593056 0.021875 0.038889
0 0.165234 0.586806 0.033594 0.043056
0 0.478516 0.561806 0.025781 0.029167
0 0.510547 0.560417 0.030469 0.031944
0 0.554688 0.561806 0.025000 0.023611
0 0.598047 0.555556 0.032031 0.030556
0 0.623437 0.549306 0.015625 0.023611
0 0.644922 0.553472 0.025781 0.026389
0 0.675000 0.552083 0.028125 0.023611
3 0.715234 0.541667 0.035156 0.041667
