0 0.239844 0.615972 0.084375 0.101389
0 0.293750 0.585417 0.071875 0.043056
0 0.898828 0.538194 0.038281 0.031944
0 0.849609 0.547917 0.077344 0.065278
0 0.155469 0.599306 0.051562 0.062500
0 0.553125 0.650694 0.221875 0.156944
0 0.759375 0.550694 0.050000 0.031944
3 0.472266 0.560417 0.121094 0.081944
3 0.931250 0.522917 0.031250 0.045833
3 0.968750 0.529167 0.031250 0.030556
0 0.103516 0.594444 0.028906 0.041667
0 0.180078 0.585417 0.042969 0.048611
0 0.394141 0.569444 0.033594 0.030556
0 0.598047 0.555556 0.032031 0.030556
0 0.623437 0.549306 0.015625 0.023611
0 0.644922 0.553472 0.025781 0.026389
0 0.675000 0.552083 0.028125 0.023611
3 0.715234 0.541667 0.035156 0.041667
