0 0.275000 0.626389 0.106250 0.111111
0 0.346875 0.585417 0.084375 0.051389
0 0.911328 0.543056 0.061719 0.061111
0 0.166797 0.600694 0.057031 0.068056
0 0.691797 0.654167 0.258594 0.180556
0 0.817578 0.547917 0.044531 0.040278
0 0.759375 0.550694 0.050000 0.031944
3 0.533203 0.560417 0.125781 0.079167
3 0.969141 0.529167 0.032031 0.030556
0 0.110937 0.594444 0.031250 0.041667
3 0.204687 0.588194 0.053125 0.059722
2 0.060937 0.575694 0.025000 0.056944
0 0.394141 0.569444 0.033594 0.030556
0 0.623437 0.549306 0.015625 0.023611
0 0.644922 0.553472 0.025781 0.026389
0 0.675000 0.552083 0.028125 0.023611
3 0.715234 0.541667 0.035156 0.041667
