0 0.318750 0.631944 0.134375 0.130556
0 0.408594 0.580556 0.090625 0.058333
0 0.898828 0.538194 0.038281 0.031944
0 0.950000 0.535417 0.056250 0.056944
0 0.181250 0.599306 0.059375 0.079167
0 0.849219 0.656250 0.246875 0.187500
0 0.817578 0.547917 0.044531 0.040278
0 0.759375 0.550694 0.050000 0.031944
3 0.595313 0.552083 0.121875 0.079167
0 0.117578 0.595833 0.028906 0.044444
0 0.235937 0.591667 0.065625 0.069444
0 0.859766 0.539583 0.049219 0.034722
2 0.064844 0.577778 0.029687 0.069444
0 0.478516 0.561806 0.025781 0.029167
0 0.510547 0.560417 0.030469 0.031944
0 0.675000 0.552083 0.028125 0.023611
3 0.715234 0.541667 0.035156 0.041667
