0 0.382031 0.643056 0.164062 0.141667
0 0.485547 0.579167 0.100781 0.063889
0 0.898828 0.538194 0.038281 0.031944
0 0.982031 0.529167 0.034375 0.044444
0 0.201563 0.602083 0.068750 0.084722
0 0.948047 0.643056 0.103906 0.194444
0 0.817578 0.547917 0.044531 0.040278
0 0.759375 0.550694 0.050000 0.031944
3 0.657813 0.549306 0.118750 0.081944
3 0.931250 0.522917 0.031250 0.045833
0 0.126562 0.596528 0.034375 0.045833
0 0.273828 0.595833 0.080469 0.086111
0 0.859766 0.539583 0.049219 0.034722
2 0.068359 0.575694 0.033594 0.070833
0 0.394141 0.569444 0.033594 0.030556
0 0.510547 0.560417 0.030469 0.031944
0 0.550391 0.563194 0.017969 0.029167
0 0.598047 0.555556 0.032031 0.030556
