0 0.461328 0.652083 0.202344 0.176389
0 0.576953 0.568056 0.105469 0.066667
0 0.898828 0.538194 0.038281 0.031944
0 0.227344 0.606944 0.082812 0.097222
0 0.817578 0.547917 0.044531 0.040278
3 0.719531 0.545833 0.109375 0.077778
3 0.931250 0.522917 0.031250 0.045833
0 0.964453 0.525694 0.035156 0.034722
0 0.137891 0.599306 0.039844 0.054167
0 0.329297 0.599306 0.100781 0.093056
0 0.859766 0.539583 0.049219 0.034722
0 0.108203 0.586806 0.021094 0.029167
3 0.147266 0.577083 0.028906 0.040278
2 0.073438 0.579167 0.040625 0.080556
0 0.394141 0.569444 0.033594 0.030556
0 0.478516 0.561806 0.025781 0.029167
0 0.510547 0.560417 0.030469 0.031944
0 0.623437 0.549306 0.015625 0.023611
0 0.644922 0.553472 0.025781 0.026389
