0 0.565625 0.662500 0.240625 0.200000
0 0.671875 0.568056 0.096875 0.069444
0 0.898828 0.538194 0.038281 0.031944
0 0.253125 0.613194 0.096875 0.109722
3 0.776172 0.543056 0.107031 0.080556
3 0.931250 0.522917 0.031250 0.045833
0 0.964453 0.525694 0.035156 0.034722
0 0.147266 0.600694 0.042969 0.054167
0 0.403125 0.609028 0.128125 0.112500
0 0.859766 0.539583 0.049219 0.034722
0 0.113672 0.585417 0.024219 0.031944
3 0.159766 0.580556 0.033594 0.052778
2 0.081641 0.584028 0.049219 0.087500
0 0.478516 0.561806 0.025781 0.029167
0 0.510547 0.560417 0.030469 0.031944
0 0.598047 0.555556 0.032031 0.030556
3 0.715234 0.541667 0.035156 0.041667
0 0.624609 0.547917 0.017969 0.031944
