0 0.694141 0.669444 0.263281 0.205556
0 0.760938 0.563889 0.090625 0.063889
0 0.898828 0.538194 0.038281 0.031944
0 0.288281 0.620139 0.115625 0.112500
3 0.829688 0.539583 0.087500 0.068056
3 0.931250 0.522917 0.031250 0.045833
0 0.964453 0.525694 0.035156 0.034722
0 0.162500 0.606944 0.046875 0.055556
0 0.507422 0.614583 0.157031 0.126389
0 0.127344 0.586806 0.018750 0.031944
3 0.175391 0.575694 0.038281 0.048611
2 0.090234 0.581944 0.063281 0.108333
0 0.394141 0.569444 0.033594 0.030556
0 0.554688 0.561806 0.025000 0.023611
0 0.598047 0.555556 0.032031 0.030556
0 0.623437 0.549306 0.015625 0.023611
0 0.644922 0.553472 0.025781 0.026389
3 0.675000 0.552083 0.028125 0.023611
1 0.715234 0.541667 0.035156 0.041667
