0 0.841406 0.668056 0.254688 0.216667
0 0.839063 0.553472 0.075000 0.051389
0 0.335547 0.629167 0.139844 0.133333
3 0.871875 0.535417 0.075000 0.065278
3 0.931250 0.522917 0.031250 0.045833
0 0.964453 0.525694 0.035156 0.034722
0 0.179688 0.609028 0.053125 0.059722
0 0.647266 0.622917 0.188281 0.131944
3 0.191797 0.579167 0.049219 0.050000
2 0.111328 0.578472 0.078906 0.140278
0 0.763672 0.552778 0.044531 0.038889
0 0.394141 0.569444 0.033594 0.030556
0 0.478516 0.561806 0.025781 0.029167
0 0.510547 0.560417 0.030469 0.031944
0 0.554688 0.561806 0.025000 0.023611
3 0.717578 0.543056 0.039844 0.041667
