0 0.759375 0.554167 0.053125 0.033333
0 0.812891 0.543056 0.033594 0.038889
0 0.909375 0.536806 0.025000 0.040278
3 0.866016 0.531944 0.078906 0.091667
0 0.934766 0.658333 0.130469 0.183333
0 0.297266 0.605556 0.091406 0.072222
0 0.120313 0.595833 0.028125 0.041667
0 0.181641 0.624306 0.071094 0.115278
0 0.077344 0.595833 0.025000 0.036111
0 0.713672 0.634028 0.214844 0.131944
3 0.092578 0.580556 0.021094 0.044444
0 0.136328 0.588194 0.021094 0.034722
0 0.394141 0.569444 0.033594 0.030556
0 0.478516 0.561806 0.025781 0.029167
0 0.510547 0.560417 0.030469 0.031944
0 0.554688 0.561806 0.025000 0.023611
0 0.598047 0.555556 0.032031 0.030556
0 0.623437 0.549306 0.015625 0.023611
0 0.644922 0.553472 0.025781 0.026389
0 0.675000 0.552083 0.028125 0.023611
3 0.715234 0.541667 0.035156 0.041667
