0 0.940625 0.658333 0.118750 0.219444
0 0.896094 0.544444 0.045312 0.044444
0 0.392188 0.638889 0.168750 0.152778
3 0.931250 0.522917 0.031250 0.045833
0 0.964453 0.525694 0.035156 0.034722
0 0.205859 0.610417 0.049219 0.065278
0 0.812891 0.619444 0.172656 0.144444
3 0.219141 0.577083 0.052344 0.076389
2 0.141016 0.590278 0.117969 0.163889
0 0.855078 0.543056 0.036719 0.030556
0 0.067187 0.597917 0.025000 0.031944
0 0.478516 0.561806 0.025781 0.029167
0 0.510547 0.560417 0.030469 0.031944
0 0.554688 0.561806 0.025000 0.023611
0 0.598047 0.555556 0.032031 0.030556
0 0.623437 0.549306 0.015625 0.023611
0 0.644922 0.553472 0.025781 0.026389
0 0.675000 0.552083 0.028125 0.023611
3 0.715234 0.541667 0.035156 0.041667
