0 0.950391 0.599306 0.099219 0.140278
0 0.468359 0.649306 0.208594 0.165278
2 0.191016 0.590278 0.186719 0.241667
0 0.860547 0.543056 0.046094 0.033333
0 0.073828 0.597917 0.028906 0.031944
0 0.759375 0.549306 0.053125 0.034722
0 0.818750 0.546528 0.043750 0.031944
0 0.896875 0.536806 0.025000 0.031944
0 0.394141 0.569444 0.033594 0.030556
0 0.478516 0.561806 0.025781 0.029167
0 0.510547 0.560417 0.030469 0.031944
0 0.554688 0.561806 0.025000 0.023611
0 0.598047 0.555556 0.032031 0.030556
0 0.623437 0.549306 0.015625 0.023611
0 0.644922 0.553472 0.025781 0.026389
0 0.675000 0.552083 0.028125 0.023611
3 0.715234 0.541667 0.035156 0.041667
