0 0.567969 0.655556 0.253125 0.180556
2 0.300000 0.608333 0.343750 0.375000
0 0.860547 0.543056 0.046094 0.033333
0 0.079297 0.599306 0.033594 0.037500
0 0.759375 0.549306 0.053125 0.034722
0 0.818750 0.546528 0.043750 0.031944
0 0.902344 0.538194 0.035937 0.037500
3 0.931641 0.521528 0.025781 0.045833
0 0.983594 0.538889 0.032813 0.038889
0 0.115625 0.595833 0.034375 0.047222
0 0.478516 0.561806 0.025781 0.029167
0 0.510547 0.560417 0.030469 0.031944
0 0.598047 0.555556 0.032031 0.030556
0 0.623437 0.549306 0.015625 0.023611
0 0.644922 0.553472 0.025781 0.026389
0 0.675000 0.552083 0.028125 0.023611
3 0.715234 0.541667 0.035156 0.041667
