2 0.937891 0.638889 0.124219 0.652778
0 0.128516 0.615278 0.057031 0.069444
0 0.152734 0.594444 0.049219 0.061111
0 0.222266 0.595833 0.063281 0.058333
0 0.391016 0.643056 0.160156 0.127778
0 0.859766 0.543056 0.047656 0.041667
0 0.819922 0.545833 0.046094 0.041667
0 0.759375 0.551389 0.053125 0.036111
3 0.510938 0.604167 0.190625 0.152778
0 0.096094 0.593056 0.018750 0.027778
0 0.058203 0.590972 0.016406 0.023611
0 0.078516 0.588194 0.017969 0.023611
0 0.394141 0.569444 0.033594 0.030556
0 0.478516 0.561806 0.025781 0.029167
0 0.598047 0.555556 0.032031 0.030556
0 0.623437 0.549306 0.015625 0.023611
0 0.644922 0.553472 0.025781 0.026389
0 0.675000 0.552083 0.028125 0.023611
3 0.715234 0.541667 0.035156 0.041667
