0 0.161719 0.633333 0.071875 0.083333
0 0.166797 0.593056 0.061719 0.063889
0 0.251953 0.597917 0.078906 0.070833
0 0.462891 0.651389 0.188281 0.150000
0 0.859766 0.543056 0.047656 0.041667
0 0.819922 0.545833 0.046094 0.041667
0 0.759375 0.551389 0.053125 0.036111
3 0.645312 0.605556 0.225000 0.166667
0 0.103516 0.591667 0.024219 0.030556
0 0.060156 0.591667 0.018750 0.030556
0 0.083594 0.586806 0.018750 0.029167
0 0.901172 0.538194 0.033594 0.034722
3 0.932813 0.522917 0.031250 0.040278
0 0.117578 0.586806 0.019531 0.026389
0 0.394141 0.569444 0.033594 0.030556
0 0.478516 0.561806 0.025781 0.029167
0 0.510547 0.560417 0.030469 0.031944
0 0.554688 0.561806 0.025000 0.023611
0 0.598047 0.555556 0.032031 0.030556
0 0.623437 0.549306 0.015625 0.023611
