0 0.214062 0.654167 0.115625 0.130556
0 0.183203 0.597917 0.050781 0.056944
0 0.291406 0.599306 0.092188 0.079167
0 0.554688 0.660417 0.221875 0.179167
0 0.810547 0.545833 0.027344 0.041667
0 0.759375 0.551389 0.053125 0.036111
3 0.803516 0.602083 0.224219 0.170833
0 0.108203 0.596528 0.017969 0.031944
0 0.064844 0.593056 0.020313 0.030556
0 0.086328 0.586806 0.021094 0.040278
0 0.901172 0.538194 0.033594 0.034722
3 0.932813 0.522917 0.031250 0.040278
0 0.125781 0.586806 0.018750 0.031944
0 0.394141 0.569444 0.033594 0.030556
0 0.478516 0.561806 0.025781 0.029167
0 0.510547 0.560417 0.030469 0.031944
0 0.554688 0.561806 0.025000 0.023611
0 0.598047 0.555556 0.032031 0.030556
0 0.623437 0.549306 0.015625 0.023611
0 0.644922 0.553472 0.025781 0.026389
0 0.675000 0.552083 0.028125 0.023611
3 0.715234 0.541667 0.035156 0.041667
