0 0.317188 0.696528 0.200000 0.184722
0 0.210938 0.606944 0.075000 0.091667
0 0.339453 0.606944 0.117969 0.086111
0 0.666016 0.669444 0.241406 0.180556
0 0.819922 0.545833 0.046094 0.041667
0 0.759375 0.551389 0.053125 0.036111
3 0.932813 0.594444 0.134375 0.186111
0 0.116016 0.595833 0.021094 0.038889
0 0.070312 0.594444 0.021875 0.036111
0 0.092969 0.590278 0.021875 0.038889
0 0.901172 0.538194 0.033594 0.034722
3 0.932813 0.522917 0.031250 0.040278
0 0.135937 0.586806 0.025000 0.040278
0 0.394141 0.569444 0.033594 0.030556
0 0.478516 0.561806 0.025781 0.029167
0 0.510547 0.560417 0.030469 0.031944
0 0.554688 0.561806 0.025000 0.023611
0 0.598047 0.555556 0.032031 0.030556
0 0.623437 0.549306 0.015625 0.023611
0 0.644922 0.553472 0.025781 0.026389
0 0.675000 0.552083 0.028125 0.023611
3 0.715234 0.541667 0.035156 0.041667
