0 0.547266 0.749306 0.361719 0.273611
0 0.248047 0.621528 0.091406 0.104167
0 0.407422 0.612500 0.144531 0.100000
0 0.791797 0.668056 0.241406 0.180556
0 0.819922 0.545833 0.046094 0.041667
0 0.759375 0.551389 0.053125 0.036111
0 0.130469 0.595139 0.034375 0.051389
0 0.074609 0.596528 0.024219 0.037500
0 0.096484 0.593056 0.024219 0.036111
0 0.901172 0.538194 0.033594 0.034722
3 0.932813 0.522917 0.031250 0.040278
0 0.147266 0.586806 0.021094 0.040278
0 0.160938 0.579167 0.021875 0.033333
0 0.478516 0.561806 0.025781 0.029167
0 0.510547 0.560417 0.030469 0.031944
0 0.554688 0.561806 0.025000 0.023611
0 0.598047 0.555556 0.032031 0.030556
0 0.623437 0.549306 0.015625 0.023611
0 0.644922 0.553472 0.025781 0.026389
0 0.675000 0.552083 0.028125 0.023611
3 0.715234 0.541667 0.035156 0.041667
