0 0.759375 0.554167 0.053125 0.033333
0 0.821094 0.543056 0.048438 0.036111
0 0.860547 0.546528 0.044531 0.043056
3 0.911328 0.525694 0.064844 0.081944
0 0.355078 0.611806 0.114844 0.076389
0 0.253125 0.641667 0.109375 0.155556
0 0.085547 0.599306 0.030469 0.045833
0 0.876563 0.630556 0.198437 0.130556
3 0.098828 0.580556 0.021094 0.044444
0 0.130469 0.599306 0.031250 0.043056
0 0.147266 0.591667 0.022656 0.033333
0 0.394141 0.569444 0.033594 0.030556
0 0.478516 0.561806 0.025781 0.029167
0 0.510547 0.560417 0.030469 0.031944
0 0.554688 0.561806 0.025000 0.023611
0 0.598047 0.555556 0.032031 0.030556
0 0.623437 0.549306 0.015625 0.023611
0 0.644922 0.553472 0.025781 0.026389
0 0.675000 0.552083 0.028125 0.023611
3 0.715234 0.541667 0.035156 0.041667
