0 0.862891 0.763194 0.274219 0.306944
0 0.283203 0.622917 0.113281 0.118056
0 0.498047 0.620833 0.180469 0.127778
0 0.819922 0.545833 0.046094 0.041667
0 0.759375 0.551389 0.053125 0.036111
0 0.141797 0.599306 0.035156 0.051389
0 0.083203 0.597917 0.022656 0.043056
0 0.104688 0.593056 0.021875 0.038889
0 0.901172 0.538194 0.033594 0.034722
3 0.932813 0.522917 0.031250 0.040278
0 0.160547 0.588194 0.022656 0.040278
0 0.176563 0.579167 0.018750 0.041667
0 0.228125 0.582639 0.034375 0.051389
0 0.394141 0.569444 0.033594 0.030556
0 0.478516 0.561806 0.025781 0.029167
0 0.510547 0.560417 0.030469 0.031944
0 0.554688 0.561806 0.025000 0.023611
0 0.598047 0.555556 0.032031 0.030556
0 0.623437 0.549306 0.015625 0.023611
0 0.644922 0.553472 0.025781 0.026389
0 0.675000 0.552083 0.028125 0.023611
3 0.715234 0.541667 0.035156 0.041667
