0 0.967969 0.656944 0.064062 0.200000
0 0.330469 0.629167 0.129688 0.119444
0 0.616797 0.625694 0.207031 0.131944
0 0.819922 0.545833 0.046094 0.041667
0 0.759375 0.551389 0.053125 0.036111
0 0.153125 0.597917 0.045312 0.056944
0 0.095312 0.604167 0.034375 0.055556
0 0.112891 0.593056 0.024219 0.036111
0 0.901172 0.538194 0.033594 0.034722
3 0.932813 0.522917 0.031250 0.040278
0 0.180078 0.590972 0.025781 0.048611
0 0.191016 0.575694 0.022656 0.043056
0 0.266016 0.575694 0.042969 0.051389
3 0.954297 0.527083 0.041406 0.034722
3 0.991797 0.516667 0.016406 0.030556
0 0.066797 0.593056 0.017969 0.030556
0 0.394141 0.569444 0.033594 0.030556
0 0.478516 0.561806 0.025781 0.029167
0 0.510547 0.560417 0.030469 0.031944
0 0.554688 0.561806 0.025000 0.023611
0 0.598047 0.555556 0.032031 0.030556
0 0.623437 0.549306 0.015625 0.023611
0 0.644922 0.553472 0.025781 0.026389
0 0.675000 0.552083 0.028125 0.023611
3 0.715234 0.541667 0.035156 0.041667
