0 0.392969 0.643056 0.164062 0.141667
0 0.756641 0.625694 0.219531 0.143056
0 0.819922 0.545833 0.046094 0.041667
0 0.759375 0.551389 0.053125 0.036111
0 0.166406 0.599306 0.050000 0.065278
0 0.111719 0.607639 0.042188 0.065278
0 0.901172 0.538194 0.033594 0.034722
3 0.932813 0.522917 0.031250 0.040278
0 0.195703 0.589583 0.033594 0.051389
0 0.207422 0.579167 0.027344 0.041667
0 0.306250 0.577778 0.053125 0.063889
3 0.954297 0.527083 0.041406 0.034722
3 0.991797 0.516667 0.016406 0.030556
0 0.071094 0.593056 0.018750 0.033333
0 0.132422 0.586806 0.019531 0.026389
3 0.080469 0.572917 0.025000 0.045833
0 0.478516 0.561806 0.025781 0.029167
0 0.510547 0.560417 0.030469 0.031944
0 0.554688 0.561806 0.025000 0.023611
0 0.598047 0.555556 0.032031 0.030556
0 0.623437 0.549306 0.015625 0.023611
0 0.644922 0.553472 0.025781 0.026389
0 0.675000 0.552083 0.028125 0.023611
3 0.715234 0.541667 0.035156 0.041667
