0 0.475391 0.650694 0.203906 0.168056
0 0.900391 0.625694 0.189844 0.140278
0 0.819922 0.545833 0.046094 0.041667
0 0.759375 0.551389 0.053125 0.036111
0 0.185938 0.604167 0.059375 0.072222
0 0.134766 0.618056 0.055469 0.069444
0 0.901172 0.538194 0.033594 0.034722
3 0.932813 0.522917 0.031250 0.040278
0 0.217969 0.593056 0.043750 0.058333
0 0.229297 0.577083 0.035156 0.048611
0 0.364844 0.572917 0.067187 0.062500
3 0.954297 0.527083 0.041406 0.034722
3 0.991797 0.516667 0.016406 0.030556
0 0.076563 0.595833 0.025000 0.044444
3 0.084766 0.570833 0.025781 0.052778
0 0.478516 0.561806 0.025781 0.029167
0 0.510547 0.560417 0.030469 0.031944
0 0.554688 0.561806 0.025000 0.023611
0 0.598047 0.555556 0.032031 0.030556
0 0.623437 0.549306 0.015625 0.023611
0 0.644922 0.553472 0.025781 0.026389
0 0.675000 0.552083 0.028125 0.023611
3 0.715234 0.541667 0.035156 0.041667
