0 0.582812 0.659028 0.240625 0.181944
0 0.971094 0.614583 0.057813 0.129167
0 0.819922 0.545833 0.046094 0.041667
0 0.759375 0.551389 0.053125 0.036111
0 0.212891 0.605556 0.069531 0.080556
0 0.172266 0.630556 0.086719 0.097222
0 0.901172 0.538194 0.033594 0.034722
3 0.932813 0.522917 0.031250 0.040278
0 0.253125 0.593056 0.050000 0.063889
0 0.431250 0.574306 0.068750 0.065278
3 0.954297 0.527083 0.041406 0.034722
3 0.991797 0.516667 0.016406 0.030556
0 0.083594 0.596528 0.029687 0.043056
3 0.090625 0.572917 0.025000 0.056944
0 0.134375 0.595833 0.034375 0.050000
0 0.394141 0.569444 0.033594 0.030556
0 0.478516 0.561806 0.025781 0.029167
0 0.510547 0.560417 0.030469 0.031944
0 0.554688 0.561806 0.025000 0.023611
0 0.598047 0.555556 0.032031 0.030556
0 0.623437 0.549306 0.015625 0.023611
0 0.644922 0.553472 0.025781 0.026389
0 0.675000 0.552083 0.028125 0.023611
3 0.715234 0.541667 0.035156 0.041667
