0 0.708203 0.656944 0.263281 0.194444
0 0.819922 0.545833 0.046094 0.041667
0 0.759375 0.551389 0.053125 0.036111
0 0.240625 0.666667 0.137500 0.150000
0 0.901172 0.538194 0.033594 0.034722
3 0.932813 0.522917 0.031250 0.040278
0 0.286719 0.599306 0.073438 0.076389
0 0.503125 0.569444 0.075000 0.069444
3 0.954297 0.527083 0.041406 0.034722
3 0.991797 0.516667 0.016406 0.030556
0 0.087891 0.599306 0.021094 0.051389
3 0.090625 0.572917 0.025000 0.056944
0 0.148047 0.597917 0.047656 0.056944
0 0.244141 0.605556 0.080469 0.075000
0 0.394141 0.569444 0.033594 0.030556
0 0.554688 0.561806 0.025000 0.023611
0 0.598047 0.555556 0.032031 0.030556
0 0.623437 0.549306 0.015625 0.023611
0 0.644922 0.553472 0.025781 0.026389
0 0.675000 0.552083 0.028125 0.023611
3 0.715234 0.541667 0.035156 0.041667
0 0.859375 0.544444 0.046875 0.044444
