0 0.843359 0.660417 0.252344 0.198611
0 0.819922 0.545833 0.046094 0.041667
0 0.759375 0.551389 0.053125 0.036111
0 0.398438 0.718056 0.268750 0.247222
0 0.901172 0.538194 0.033594 0.034722
3 0.932813 0.522917 0.031250 0.040278
0 0.335156 0.593056 0.087500 0.072222
0 0.582422 0.564583 0.075781 0.073611
3 0.954297 0.527083 0.041406 0.034722
3 0.991797 0.516667 0.016406 0.030556
0 0.104688 0.605556 0.035937 0.055556
3 0.098047 0.571528 0.032031 0.059722
0 0.160938 0.604167 0.051562 0.055556
0 0.277344 0.613194 0.096875 0.093056
0 0.394141 0.569444 0.033594 0.030556
0 0.478516 0.561806 0.025781 0.029167
0 0.510547 0.560417 0.030469 0.031944
0 0.623437 0.549306 0.015625 0.023611
0 0.644922 0.553472 0.025781 0.026389
0 0.675000 0.552083 0.028125 0.023611
3 0.715234 0.541667 0.035156 0.041667
0 0.857812 0.539583 0.046875 0.051389
