0 0.931641 0.652778 0.135156 0.194444
0 0.819922 0.545833 0.046094 0.041667
0 0.759375 0.551389 0.053125 0.036111
0 0.729297 0.763194 0.446094 0.334722
0 0.901172 0.538194 0.033594 0.034722
3 0.932813 0.522917 0.031250 0.040278
0 0.400000 0.611806 0.118750 0.101389
0 0.663281 0.562500 0.075000 0.075000
3 0.954297 0.527083 0.041406 0.034722
3 0.991797 0.516667 0.016406 0.030556
0 0.119922 0.605556 0.047656 0.061111
3 0.105078 0.566667 0.033594 0.058333
0 0.176563 0.604167 0.062500 0.066667
0 0.333594 0.630556 0.132812 0.127778
0 0.478516 0.561806 0.025781 0.029167
0 0.510547 0.560417 0.030469 0.031944
0 0.554688 0.561806 0.025000 0.023611
0 0.598047 0.555556 0.032031 0.030556
0 0.623437 0.549306 0.015625 0.023611
3 0.715234 0.541667 0.035156 0.041667
0 0.858594 0.541667 0.046875 0.047222
