0 0.819922 0.545833 0.046094 0.041667
0 0.901172 0.538194 0.033594 0.034722
3 0.932813 0.522917 0.031250 0.040278
0 0.500781 0.615278 0.137500 0.108333
0 0.741016 0.556944 0.066406 0.069444
3 0.954297 0.527083 0.041406 0.034722
3 0.991797 0.516667 0.016406 0.030556
0 0.146875 0.619444 0.065625 0.086111
3 0.108203 0.572917 0.039844 0.076389
0 0.200391 0.605556 0.069531 0.069444
0 0.403906 0.636806 0.167187 0.143056
0 0.478516 0.561806 0.025781 0.029167
0 0.510547 0.560417 0.030469 0.031944
0 0.554688 0.561806 0.025000 0.023611
0 0.598047 0.555556 0.032031 0.030556
0 0.623437 0.549306 0.015625 0.023611
0 0.644922 0.553472 0.025781 0.026389
0 0.675000 0.552083 0.028125 0.023611
0 0.859766 0.541667 0.049219 0.044444
