0 0.901172 0.538194 0.033594 0.034722
3 0.932813 0.522917 0.031250 0.040278
0 0.611719 0.622917 0.184375 0.129167
0 0.757812 0.552778 0.046875 0.038889
3 0.954297 0.527083 0.041406 0.034722
3 0.991797 0.516667 0.016406 0.030556
0 0.192188 0.639583 0.100000 0.115278
3 0.122266 0.575694 0.047656 0.090278
0 0.232813 0.611806 0.068750 0.070833
0 0.499609 0.646528 0.213281 0.168056
0 0.808203 0.550694 0.058594 0.070833
0 0.859766 0.544444 0.049219 0.044444
0 0.394141 0.569444 0.033594 0.030556
0 0.510547 0.560417 0.030469 0.031944
0 0.623437 0.549306 0.015625 0.023611
0 0.644922 0.553472 0.025781 0.026389
0 0.675000 0.552083 0.028125 0.023611
3 0.715234 0.541667 0.035156 0.041667
