0 0.901172 0.538194 0.033594 0.034722
3 0.932813 0.522917 0.031250 0.040278
0 0.753516 0.622917 0.196094 0.131944
0 0.757812 0.552778 0.046875 0.038889
3 0.954297 0.527083 0.041406 0.034722
3 0.991797 0.516667 0.016406 0.030556
0 0.271484 0.668056 0.161719 0.175000
3 0.132031 0.565278 0.057813 0.105556
0 0.619922 0.655556 0.249219 0.191667
0 0.868750 0.544444 0.046875 0.061111
0 0.818359 0.546528 0.044531 0.034722
3 0.085938 0.583333 0.020313 0.036111
0 0.061328 0.589583 0.014844 0.029167
0 0.394141 0.569444 0.033594 0.030556
0 0.478516 0.561806 0.025781 0.029167
0 0.623437 0.549306 0.015625 0.023611
0 0.644922 0.553472 0.025781 0.026389
0 0.675000 0.552083 0.028125 0.023611
3 0.715234 0.541667 0.035156 0.041667
0 0.544531 0.566667 0.098437 0.061111
