3 0.932813 0.522917 0.031250 0.040278
0 0.896484 0.609722 0.172656 0.138889
0 0.757812 0.552778 0.046875 0.038889
3 0.954297 0.527083 0.041406 0.034722
3 0.991797 0.516667 0.016406 0.030556
0 0.440625 0.724306 0.303125 0.281944
3 0.143750 0.572917 0.062500 0.109722
0 0.761719 0.659028 0.256250 0.193056
0 0.818359 0.546528 0.044531 0.034722
3 0.089453 0.584722 0.021094 0.038889
0 0.064453 0.593056 0.017969 0.033333
0 0.913281 0.541667 0.039062 0.055556
0 0.619141 0.566667 0.100781 0.069444
0 0.287500 0.624306 0.093750 0.093056
3 0.231641 0.582639 0.061719 0.059722
0 0.394141 0.569444 0.033594 0.030556
0 0.478516 0.561806 0.025781 0.029167
0 0.510547 0.560417 0.030469 0.031944
0 0.554688 0.561806 0.025000 0.023611
0 0.675000 0.552083 0.028125 0.023611
3 0.715234 0.541667 0.035156 0.041667
0 0.859766 0.540278 0.049219 0.041667
