3 0.932813 0.522917 0.031250 0.040278
0 0.757812 0.552778 0.046875 0.038889
0 0.751563 0.753472 0.421875 0.348611
3 0.158594 0.574306 0.071875 0.118056
0 0.894922 0.649306 0.210156 0.198611
0 0.818359 0.546528 0.044531 0.034722
3 0.095312 0.585417 0.025000 0.043056
0 0.069141 0.593056 0.019531 0.033333
0 0.689844 0.561806 0.093750 0.068056
0 0.357422 0.635417 0.157031 0.129167
3 0.267188 0.580556 0.070312 0.061111
0 0.859766 0.541667 0.042969 0.036111
0 0.900000 0.536806 0.037500 0.037500
0 0.394141 0.569444 0.033594 0.030556
0 0.478516 0.561806 0.025781 0.029167
0 0.510547 0.560417 0.030469 0.031944
0 0.554688 0.561806 0.025000 0.023611
0 0.598047 0.555556 0.032031 0.030556
0 0.623437 0.549306 0.015625 0.023611
3 0.715234 0.541667 0.035156 0.041667
