3 0.932813 0.522917 0.031250 0.040278
3 0.991797 0.516667 0.016406 0.030556
3 0.179297 0.574306 0.085156 0.129167
0 0.818359 0.546528 0.044531 0.034722
3 0.101953 0.583333 0.027344 0.047222
0 0.071484 0.595139 0.024219 0.037500
0 0.756641 0.555556 0.094531 0.063889
0 0.426563 0.649306 0.196875 0.143056
3 0.311328 0.577778 0.085156 0.069444
0 0.859766 0.541667 0.042969 0.036111
0 0.900000 0.536806 0.037500 0.037500
3 0.951562 0.525694 0.034375 0.031944
0 0.394141 0.569444 0.033594 0.030556
0 0.478516 0.561806 0.025781 0.029167
0 0.510547 0.560417 0.030469 0.031944
0 0.554688 0.561806 0.025000 0.023611
0 0.598047 0.555556 0.032031 0.030556
0 0.623437 0.549306 0.015625 0.023611
0 0.644922 0.553472 0.025781 0.026389
0 0.675000 0.552083 0.028125 0.023611
