3 0.932813 0.522917 0.031250 0.040278
3 0.991797 0.516667 0.016406 0.030556
3 0.204297 0.577778 0.103906 0.144444
3 0.110156 0.585417 0.032813 0.054167
0 0.078906 0.597917 0.025000 0.043056
0 0.816797 0.553472 0.083594 0.062500
0 0.513281 0.658333 0.232813 0.163889
3 0.369141 0.574306 0.094531 0.073611
0 0.859766 0.541667 0.042969 0.036111
0 0.900000 0.536806 0.037500 0.037500
3 0.951562 0.525694 0.034375 0.031944
0 0.756641 0.550694 0.042969 0.031944
0 0.526563 0.599306 0.140625 0.068056
0 0.478516 0.561806 0.025781 0.029167
0 0.510547 0.560417 0.030469 0.031944
0 0.554688 0.561806 0.025000 0.023611
0 0.598047 0.555556 0.032031 0.030556
0 0.623437 0.549306 0.015625 0.023611
0 0.644922 0.553472 0.025781 0.026389
0 0.675000 0.552083 0.028125 0.023611
3 0.715234 0.541667 0.035156 0.041667
