3 0.932813 0.522917 0.031250 0.040278
3 0.991797 0.516667 0.016406 0.030556
3 0.233594 0.579167 0.126562 0.166667
3 0.120703 0.586806 0.033594 0.056944
0 0.084766 0.594444 0.027344 0.047222
0 0.866797 0.550694 0.072656 0.065278
0 0.612891 0.665278 0.274219 0.169444
3 0.432031 0.572222 0.109375 0.077778
0 0.900000 0.536806 0.037500 0.037500
3 0.951562 0.525694 0.034375 0.031944
0 0.756641 0.550694 0.042969 0.031944
0 0.669141 0.602083 0.141406 0.068056
0 0.815625 0.545139 0.037500 0.034722
0 0.510547 0.560417 0.030469 0.031944
0 0.554688 0.561806 0.025000 0.023611
0 0.598047 0.555556 0.032031 0.030556
0 0.623437 0.549306 0.015625 0.023611
0 0.644922 0.553472 0.025781 0.026389
0 0.675000 0.552083 0.028125 0.023611
3 0.715234 0.541667 0.035156 0.041667
