3 0.932813 0.522917 0.031250 0.040278
3 0.991797 0.516667 0.016406 0.030556
3 0.273438 0.581944 0.153125 0.194444
3 0.132422 0.585417 0.041406 0.056944
0 0.095703 0.600694 0.030469 0.054167
0 0.907813 0.543056 0.056250 0.052778
0 0.727344 0.661806 0.289062 0.170833
3 0.506641 0.569444 0.116406 0.080556
3 0.951562 0.525694 0.034375 0.031944
0 0.756641 0.550694 0.042969 0.031944
0 0.819141 0.619444 0.146094 0.094444
0 0.815625 0.545139 0.037500 0.034722
0 0.858203 0.543056 0.039844 0.041667
0 0.073438 0.596528 0.021875 0.040278
0 0.394141 0.569444 0.033594 0.030556
0 0.478516 0.561806 0.025781 0.029167
0 0.598047 0.555556 0.032031 0.030556
0 0.623437 0.549306 0.015625 0.023611
0 0.644922 0.553472 0.025781 0.026389
0 0.675000 0.552083 0.028125 0.023611
3 0.715234 0.541667 0.035156 0.041667
