3 0.932813 0.522917 0.031250 0.040278
3 0.991797 0.516667 0.016406 0.030556
3 0.323437 0.584722 0.196875 0.225000
3 0.147266 0.589583 0.050781 0.073611
0 0.111719 0.606944 0.042188 0.066667
0 0.943359 0.538889 0.042969 0.047222
0 0.844922 0.666667 0.272656 0.180556
3 0.588672 0.564583 0.122656 0.090278
0 0.756641 0.550694 0.042969 0.031944
0 0.939063 0.608333 0.121875 0.102778
0 0.815625 0.545139 0.037500 0.034722
0 0.858203 0.543056 0.039844 0.041667
0 0.080078 0.596528 0.025781 0.040278
0 0.900391 0.540278 0.035156 0.036111
0 0.478516 0.561806 0.025781 0.029167
0 0.510547 0.560417 0.030469 0.031944
0 0.644922 0.553472 0.025781 0.026389
0 0.675000 0.552083 0.028125 0.023611
3 0.715234 0.541667 0.035156 0.041667
