3 0.932813 0.522917 0.031250 0.040278
3 0.991797 0.516667 0.016406 0.030556
3 0.385937 0.591667 0.256250 0.258333
3 0.166797 0.588194 0.061719 0.084722
0 0.131641 0.616667 0.058594 0.080556
0 0.964063 0.536806 0.037500 0.048611
0 0.915625 0.655556 0.168750 0.183333
3 0.672266 0.561806 0.113281 0.081944
0 0.756641 0.550694 0.042969 0.031944
0 0.815625 0.545139 0.037500 0.034722
0 0.858203 0.543056 0.039844 0.041667
0 0.086328 0.597917 0.032031 0.048611
0 0.901172 0.536806 0.035156 0.034722
0 0.510547 0.560417 0.030469 0.031944
0 0.554688 0.561806 0.025000 0.023611
0 0.598047 0.555556 0.032031 0.030556
0 0.623437 0.549306 0.015625 0.023611
0 0.644922 0.553472 0.025781 0.026389
