3 0.932813 0.522917 0.031250 0.040278
3 0.991797 0.516667 0.016406 0.030556
3 0.464844 0.594444 0.312500 0.316667
3 0.182812 0.590278 0.078125 0.091667
0 0.159766 0.631944 0.074219 0.094444
0 0.973437 0.652778 0.053125 0.175000
3 0.751953 0.561806 0.100781 0.081944
0 0.815625 0.545139 0.037500 0.034722
0 0.858203 0.543056 0.039844 0.041667
0 0.097656 0.599306 0.034375 0.056944
3 0.950391 0.529167 0.032031 0.033333
0 0.900391 0.538889 0.035156 0.038889
0 0.623437 0.549306 0.015625 0.023611
0 0.644922 0.553472 0.025781 0.026389
0 0.675000 0.552083 0.028125 0.023611
3 0.715234 0.541667 0.035156 0.041667
