0 0.190625 0.635417 0.115625 0.179167
2 0.063281 0.457639 0.032813 0.076389
0 0.903125 0.729167 0.193750 0.202778
0 0.214844 0.549306 0.065625 0.084722
0 0.652734 0.629167 0.171094 0.116667
0 0.647266 0.797917 0.335156 0.276389
0 0.318359 0.561806 0.083594 0.104167
0 0.145313 0.500694 0.034375 0.051389
0 0.706250 0.613889 0.118750 0.097222
0 0.107813 0.472917 0.018750 0.043056
0 0.945703 0.618056 0.107031 0.094444
0 0.288281 0.493056 0.039062 0.036111
0 0.311328 0.483333 0.033594 0.033333
0 0.339062 0.486806 0.034375 0.040278
