0 0.395313 0.836806 0.365625 0.326389
2 0.063281 0.457639 0.032813 0.076389
0 0.284375 0.594444 0.109375 0.119444
0 0.926172 0.690278 0.147656 0.141667
0 0.440625 0.599306 0.137500 0.154167
0 0.160938 0.516667 0.045312 0.061111
0 0.114453 0.480556 0.027344 0.041667
0 0.780859 0.586806 0.097656 0.081944
0 0.930078 0.568056 0.072656 0.069444
0 0.370703 0.538194 0.067969 0.070833
0 0.262891 0.527778 0.060156 0.066667
0 0.301563 0.480556 0.015625 0.033333
0 0.283594 0.479167 0.023438 0.030556
0 0.264062 0.485417 0.031250 0.031944
