2 0.064453 0.462500 0.030469 0.066667
0 0.348047 0.635417 0.146094 0.145833
0 0.960547 0.668056 0.078906 0.111111
0 0.536328 0.630556 0.177344 0.194444
0 0.175391 0.527778 0.050781 0.069444
0 0.120703 0.481944 0.025781 0.038889
0 0.701953 0.577778 0.097656 0.083333
0 0.866797 0.561806 0.072656 0.068056
0 0.418359 0.554167 0.078906 0.077778
0 0.297266 0.540278 0.077344 0.077778
0 0.244922 0.513194 0.044531 0.051389
0 0.286719 0.475694 0.018750 0.031944
0 0.256250 0.485417 0.025000 0.031944
0 0.271484 0.482639 0.021094 0.037500
0 0.160938 0.486806 0.028125 0.026389
0 0.183203 0.485417 0.024219 0.043056
0 0.086328 0.476389 0.022656 0.036111
