2 0.064062 0.462500 0.031250 0.063889
0 0.453125 0.699306 0.218750 0.209722
0 0.681641 0.674306 0.211719 0.231944
0 0.190625 0.543056 0.060937 0.080556
0 0.630859 0.557639 0.085156 0.065278
0 0.807422 0.552083 0.080469 0.065278
0 0.473438 0.568056 0.095312 0.086111
0 0.336328 0.563194 0.094531 0.109722
0 0.268750 0.519444 0.053125 0.063889
0 0.089063 0.475694 0.028125 0.043056
0 0.223438 0.488194 0.026562 0.034722
0 0.170703 0.494444 0.033594 0.038889
0 0.127734 0.486806 0.028906 0.045833
0 0.265234 0.472917 0.024219 0.031944
