2 0.062500 0.459722 0.034375 0.069444
0 0.292187 0.616667 0.121875 0.141667
0 0.626172 0.530556 0.069531 0.055556
0 0.825391 0.571528 0.077344 0.051389
0 0.736719 0.624306 0.145313 0.101389
0 0.589063 0.659028 0.193750 0.181944
0 0.374219 0.558333 0.081250 0.086111
0 0.101562 0.475694 0.025000 0.045833
0 0.209375 0.510417 0.040625 0.056944
0 0.148828 0.499306 0.038281 0.068056
0 0.470313 0.531944 0.065625 0.055556
0 0.272266 0.505556 0.035156 0.047222
0 0.867969 0.563889 0.050000 0.061111
0 0.970313 0.594444 0.059375 0.083333
0 0.181641 0.485417 0.025781 0.037500
