2 0.064453 0.459028 0.030469 0.070833
0 0.372656 0.666667 0.176563 0.180556
0 0.573828 0.522917 0.063281 0.054167
0 0.901172 0.586806 0.061719 0.062500
0 0.854688 0.644444 0.139063 0.105556
0 0.745313 0.710417 0.218750 0.215278
0 0.432812 0.580556 0.103125 0.091667
0 0.105078 0.481944 0.025781 0.047222
0 0.232813 0.520833 0.056250 0.072222
0 0.158984 0.505556 0.044531 0.066667
0 0.429688 0.524306 0.060937 0.048611
0 0.294531 0.511806 0.045312 0.054167
0 0.194141 0.488194 0.035156 0.040278
0 0.758203 0.565278 0.080469 0.063889
0 0.806641 0.552083 0.049219 0.059722
