2 0.065234 0.464583 0.028906 0.059722
0 0.518750 0.754167 0.281250 0.255556
0 0.528125 0.515278 0.059375 0.047222
0 0.834766 0.574306 0.080469 0.065278
0 0.913672 0.735417 0.172656 0.198611
0 0.513281 0.599306 0.123438 0.109722
0 0.109766 0.486806 0.028906 0.045833
0 0.256641 0.535417 0.063281 0.070833
0 0.173047 0.516667 0.050781 0.066667
0 0.395313 0.514583 0.053125 0.045833
0 0.322656 0.520833 0.050000 0.055556
0 0.694922 0.550694 0.075781 0.051389
0 0.744531 0.547222 0.062500 0.052778
0 0.267969 0.509028 0.039062 0.048611
