2 0.065625 0.462500 0.028125 0.063889
0 0.756250 0.846528 0.375000 0.306944
0 0.489453 0.510417 0.053906 0.043056
0 0.760938 0.572917 0.071875 0.065278
0 0.626563 0.630556 0.162500 0.130556
0 0.113281 0.491667 0.034375 0.052778
0 0.289453 0.549306 0.078906 0.084722
0 0.191797 0.528472 0.057031 0.076389
0 0.370312 0.505556 0.043750 0.038889
0 0.357812 0.530556 0.053125 0.055556
0 0.637891 0.540972 0.074219 0.051389
0 0.684766 0.538194 0.052344 0.043056
0 0.286719 0.509722 0.048438 0.050000
0 0.153906 0.483333 0.028125 0.041667
