2 0.066406 0.461111 0.026562 0.066667
0 0.454297 0.502083 0.049219 0.045833
0 0.692187 0.561806 0.071875 0.062500
0 0.767969 0.672222 0.182812 0.150000
0 0.119141 0.496528 0.033594 0.054167
0 0.334766 0.563194 0.092969 0.093056
0 0.213281 0.544444 0.065625 0.094444
0 0.343750 0.497917 0.046875 0.043056
0 0.400391 0.540278 0.060156 0.066667
0 0.583984 0.533333 0.063281 0.050000
0 0.626953 0.530556 0.055469 0.047222
0 0.308594 0.531944 0.065625 0.069444
0 0.159375 0.486806 0.031250 0.048611
0 0.260156 0.493056 0.035937 0.058333
