2 0.065234 0.462500 0.028906 0.063889
0 0.425000 0.497917 0.046875 0.034722
0 0.630078 0.551389 0.066406 0.061111
0 0.923047 0.695139 0.153906 0.134722
0 0.125781 0.501389 0.042188 0.063889
0 0.399219 0.593056 0.118750 0.113889
0 0.243750 0.558333 0.084375 0.113889
0 0.318750 0.501389 0.037500 0.038889
0 0.452734 0.560417 0.074219 0.079167
0 0.534766 0.527083 0.060156 0.045833
0 0.582422 0.527778 0.036719 0.041667
0 0.346094 0.541667 0.076563 0.080556
0 0.172656 0.496528 0.034375 0.051389
0 0.282813 0.504167 0.045312 0.069444
0 0.955469 0.599306 0.089063 0.101389
0 0.203516 0.481944 0.024219 0.030556
