2 0.064844 0.459722 0.029687 0.069444
0 0.394141 0.486806 0.042969 0.040278
0 0.577734 0.545139 0.063281 0.065278
0 0.135156 0.509722 0.039062 0.061111
0 0.492969 0.638889 0.157812 0.147222
0 0.287500 0.588194 0.106250 0.137500
0 0.518750 0.576389 0.090625 0.086111
0 0.493750 0.518056 0.056250 0.044444
0 0.531641 0.518056 0.038281 0.044444
0 0.398828 0.555556 0.100781 0.102778
0 0.182031 0.497917 0.035937 0.054167
0 0.305078 0.505556 0.053906 0.069444
0 0.882422 0.596528 0.108594 0.104167
0 0.214453 0.486806 0.028906 0.037500
