2 0.065234 0.461111 0.028906 0.066667
0 0.367969 0.486806 0.039062 0.037500
0 0.527344 0.530556 0.057813 0.055556
0 0.142969 0.522222 0.048438 0.086111
0 0.625391 0.681944 0.205469 0.166667
0 0.359375 0.622917 0.140625 0.162500
0 0.607422 0.589583 0.096094 0.090278
0 0.456641 0.511806 0.050781 0.040278
0 0.495703 0.506250 0.035156 0.037500
0 0.465625 0.585417 0.121875 0.120833
0 0.197266 0.503472 0.042969 0.062500
0 0.330078 0.511806 0.063281 0.073611
0 0.798047 0.582639 0.113281 0.087500
0 0.228125 0.490972 0.028125 0.040278
0 0.294922 0.524306 0.060156 0.068056
0 0.282422 0.488194 0.030469 0.031944
