2 0.064453 0.458333 0.030469 0.069444
0 0.343750 0.480556 0.034375 0.030556
0 0.482031 0.522917 0.050000 0.045833
0 0.158594 0.536806 0.053125 0.093056
0 0.798438 0.724306 0.237500 0.209722
0 0.485938 0.693056 0.242188 0.244444
0 0.714063 0.615278 0.109375 0.094444
0 0.424219 0.505556 0.046875 0.041667
0 0.454688 0.501389 0.037500 0.036111
0 0.560156 0.605556 0.156250 0.144444
0 0.214453 0.505556 0.049219 0.080556
0 0.364453 0.522917 0.074219 0.073611
0 0.716016 0.568056 0.121094 0.083333
0 0.322656 0.536806 0.065625 0.070833
0 0.267578 0.485417 0.025781 0.043056
0 0.810547 0.563194 0.082031 0.073611
2 0.954688 0.560417 0.090625 0.168056
0 0.132031 0.486806 0.028125 0.037500
0 0.089453 0.474306 0.024219 0.043056
