2 0.064453 0.461111 0.030469 0.066667
0 0.326172 0.478472 0.035156 0.037500
0 0.175391 0.553472 0.063281 0.098611
0 0.947266 0.757639 0.105469 0.198611
0 0.686719 0.774306 0.318750 0.295833
0 0.836328 0.643056 0.110156 0.108333
0 0.680859 0.631944 0.188281 0.141667
0 0.235547 0.524306 0.058594 0.081944
0 0.408594 0.530556 0.089063 0.083333
0 0.642188 0.555556 0.103125 0.075000
0 0.368750 0.555556 0.078125 0.072222
0 0.752344 0.556944 0.098437 0.069444
2 0.928516 0.551389 0.142969 0.147222
0 0.141016 0.491667 0.032031 0.055556
0 0.096094 0.475694 0.026562 0.043056
0 0.960938 0.593056 0.078125 0.077778
0 0.448437 0.516667 0.046875 0.050000
0 0.265625 0.505556 0.031250 0.044444
