2 0.064453 0.461806 0.030469 0.065278
0 0.310937 0.474306 0.040625 0.026389
0 0.202344 0.585417 0.093750 0.131944
0 0.262500 0.538194 0.068750 0.087500
0 0.462109 0.549306 0.097656 0.095833
0 0.423438 0.576389 0.100000 0.088889
0 0.149219 0.504167 0.035937 0.055556
0 0.096094 0.475694 0.026562 0.043056
0 0.414844 0.506944 0.045312 0.044444
0 0.285547 0.504167 0.035156 0.055556
0 0.571875 0.545833 0.096875 0.072222
0 0.685547 0.549306 0.077344 0.068056
0 0.903516 0.839583 0.192969 0.287500
0 0.832422 0.661806 0.197656 0.165278
0 0.955469 0.647917 0.089063 0.126389
0 0.909766 0.580556 0.094531 0.052778
2 0.902344 0.536806 0.168750 0.131944
0 0.792188 0.554167 0.075000 0.061111
0 0.366016 0.491667 0.039844 0.030556
