0 0.447656 0.527778 0.064062 0.050000
0 0.482031 0.524306 0.042188 0.048611
0 0.526563 0.521528 0.053125 0.045833
0 0.551953 0.547917 0.072656 0.056944
0 0.592578 0.531944 0.064844 0.069444
0 0.643750 0.538194 0.050000 0.056944
0 0.687891 0.555556 0.082031 0.066667
0 0.832031 0.570833 0.098437 0.077778
0 0.716406 0.577778 0.104688 0.066667
0 0.212500 0.486806 0.025000 0.034722
0 0.186719 0.486806 0.025000 0.034722
4 0.143359 0.470139 0.033594 0.073611
0 0.117969 0.485417 0.020313 0.031944
2 0.075391 0.468056 0.033594 0.069444
