0 0.448437 0.527778 0.064062 0.050000
0 0.482812 0.524306 0.042188 0.048611
0 0.526563 0.521528 0.053125 0.045833
0 0.552734 0.548611 0.072656 0.058333
0 0.593359 0.532639 0.064844 0.070833
0 0.643750 0.539583 0.050000 0.056944
0 0.832812 0.572222 0.098437 0.077778
0 0.702734 0.572222 0.105469 0.066667
0 0.213281 0.487500 0.025000 0.036111
0 0.186719 0.487500 0.025000 0.036111
4 0.143750 0.470139 0.034375 0.073611
0 0.117969 0.486111 0.020313 0.033333
2 0.075000 0.468750 0.032813 0.068056
0 0.687109 0.545833 0.078906 0.061111
0 0.745313 0.554861 0.050000 0.070833
