0 0.448437 0.527778 0.064062 0.050000
0 0.521484 0.520833 0.063281 0.044444
0 0.552734 0.548611 0.072656 0.058333
0 0.593359 0.532639 0.064844 0.070833
0 0.643750 0.539583 0.050000 0.056944
0 0.832812 0.572222 0.098437 0.077778
0 0.702734 0.572222 0.105469 0.066667
0 0.216797 0.490278 0.030469 0.041667
0 0.186719 0.487500 0.025000 0.036111
4 0.143750 0.470139 0.034375 0.073611
0 0.120703 0.487500 0.025781 0.036111
2 0.078125 0.470139 0.037500 0.070833
0 0.687109 0.545833 0.078906 0.061111
0 0.848828 0.599306 0.103906 0.076389
0 0.747656 0.552083 0.053125 0.068056
