0 0.448437 0.527778 0.064062 0.050000
0 0.510156 0.519444 0.059375 0.038889
0 0.552734 0.548611 0.072656 0.058333
0 0.583984 0.535417 0.064844 0.070833
0 0.639062 0.539583 0.050000 0.056944
0 0.832812 0.572222 0.098437 0.077778
0 0.702734 0.572222 0.105469 0.066667
0 0.221484 0.489583 0.027344 0.043056
0 0.191797 0.488194 0.024219 0.043056
4 0.146094 0.468750 0.039062 0.070833
0 0.123828 0.488194 0.021094 0.037500
2 0.078125 0.470833 0.037500 0.072222
0 0.687109 0.545833 0.078906 0.061111
0 0.848828 0.599306 0.103906 0.076389
0 0.417578 0.509028 0.050781 0.040278
0 0.748047 0.556250 0.055469 0.065278
