0 0.448437 0.527778 0.064062 0.050000
0 0.507812 0.519444 0.057813 0.041667
0 0.552734 0.548611 0.072656 0.058333
0 0.632812 0.536806 0.071875 0.051389
0 0.832812 0.572222 0.098437 0.077778
0 0.702734 0.572222 0.105469 0.066667
0 0.221875 0.486806 0.031250 0.040278
0 0.190234 0.489583 0.032031 0.040278
4 0.150391 0.469444 0.032031 0.080556
0 0.125000 0.490972 0.026562 0.037500
2 0.082422 0.467361 0.038281 0.079167
0 0.687109 0.545833 0.078906 0.061111
0 0.848828 0.599306 0.103906 0.076389
0 0.748437 0.552083 0.051562 0.062500
0 0.403125 0.509028 0.042188 0.040278
