0 0.423047 0.520833 0.061719 0.041667
0 0.483984 0.513889 0.053906 0.044444
0 0.548438 0.545833 0.081250 0.052778
0 0.619141 0.534028 0.067969 0.051389
0 0.832812 0.572222 0.098437 0.077778
0 0.702734 0.572222 0.105469 0.066667
0 0.224219 0.485417 0.026562 0.043056
0 0.194141 0.488889 0.028906 0.047222
4 0.150391 0.469444 0.032031 0.080556
0 0.133203 0.490278 0.030469 0.044444
2 0.084766 0.470139 0.042969 0.084722
0 0.687109 0.545833 0.078906 0.061111
0 0.848828 0.599306 0.103906 0.076389
0 0.748437 0.552083 0.051562 0.062500
0 0.371094 0.499306 0.050000 0.037500
0 0.533594 0.516667 0.073438 0.055556
