0 0.408984 0.518056 0.063281 0.047222
0 0.471094 0.513194 0.051562 0.040278
0 0.548828 0.548611 0.082031 0.058333
0 0.619141 0.534028 0.067969 0.051389
0 0.832812 0.572222 0.098437 0.077778
0 0.702734 0.572222 0.105469 0.066667
0 0.234375 0.493750 0.039062 0.043056
0 0.198828 0.487500 0.028906 0.050000
4 0.153125 0.470139 0.037500 0.081944
0 0.135547 0.491667 0.035156 0.047222
2 0.084766 0.470139 0.042969 0.084722
0 0.687109 0.545833 0.078906 0.061111
0 0.848828 0.599306 0.103906 0.076389
0 0.748437 0.552083 0.051562 0.062500
0 0.353906 0.498611 0.048438 0.038889
0 0.522656 0.518750 0.073438 0.059722
