0 0.396094 0.513194 0.057813 0.045833
0 0.460156 0.510417 0.054688 0.043056
0 0.548828 0.548611 0.082031 0.058333
0 0.600391 0.531944 0.057031 0.050000
0 0.832812 0.572222 0.098437 0.077778
0 0.698438 0.573611 0.096875 0.069444
0 0.239453 0.494444 0.041406 0.041667
0 0.203516 0.492361 0.028906 0.045833
4 0.153125 0.470139 0.037500 0.081944
0 0.139844 0.497222 0.032813 0.047222
2 0.089453 0.475694 0.046094 0.095833
0 0.687109 0.545833 0.078906 0.061111
0 0.848828 0.599306 0.103906 0.076389
0 0.748437 0.552083 0.051562 0.062500
0 0.338672 0.495139 0.044531 0.045833
0 0.504687 0.518750 0.070312 0.059722
