0 0.382812 0.511806 0.056250 0.045833
0 0.444922 0.508333 0.055469 0.041667
0 0.543359 0.545833 0.077344 0.061111
0 0.580469 0.527778 0.060937 0.044444
0 0.817969 0.572222 0.098437 0.077778
0 0.685156 0.573611 0.096875 0.069444
0 0.247266 0.496528 0.033594 0.045833
0 0.209766 0.494444 0.041406 0.050000
4 0.153125 0.470139 0.037500 0.081944
0 0.143750 0.503472 0.037500 0.045833
2 0.089453 0.475694 0.046094 0.095833
0 0.687109 0.545833 0.078906 0.061111
0 0.848828 0.599306 0.103906 0.076389
0 0.743750 0.554861 0.051562 0.062500
0 0.322656 0.488194 0.042188 0.043056
0 0.486719 0.518056 0.062500 0.055556
0 0.647656 0.534722 0.064062 0.047222
