0 0.367969 0.508333 0.057813 0.050000
0 0.430078 0.505556 0.052344 0.038889
0 0.537109 0.542361 0.069531 0.056944
0 0.567578 0.527083 0.050781 0.054167
0 0.816016 0.570833 0.102344 0.075000
0 0.682422 0.572222 0.102344 0.066667
0 0.256250 0.496528 0.037500 0.040278
0 0.216016 0.497917 0.041406 0.051389
4 0.158203 0.472222 0.041406 0.080556
0 0.150781 0.505556 0.040625 0.052778
2 0.091797 0.477778 0.052344 0.097222
0 0.846484 0.596528 0.108594 0.070833
0 0.743750 0.554861 0.051562 0.062500
0 0.307031 0.486806 0.037500 0.037500
0 0.472656 0.514583 0.062500 0.062500
0 0.643359 0.534722 0.072656 0.047222
0 0.522656 0.513194 0.043750 0.040278
