0 0.352734 0.506250 0.049219 0.048611
0 0.411719 0.504861 0.046875 0.037500
0 0.527344 0.542361 0.078125 0.062500
0 0.816016 0.570833 0.102344 0.075000
0 0.674219 0.568750 0.104688 0.068056
0 0.266406 0.506944 0.035937 0.050000
0 0.227344 0.502083 0.043750 0.051389
4 0.158203 0.472222 0.041406 0.080556
0 0.157812 0.509722 0.040625 0.058333
2 0.096484 0.479861 0.053906 0.101389
0 0.846484 0.596528 0.108594 0.070833
0 0.291406 0.483333 0.034375 0.038889
0 0.462109 0.514583 0.066406 0.056944
0 0.637109 0.534722 0.072656 0.047222
0 0.539062 0.520833 0.064062 0.050000
0 0.507422 0.511111 0.038281 0.038889
0 0.398828 0.486111 0.025781 0.022222
0 0.727734 0.550694 0.038281 0.068056
