0 0.338281 0.500000 0.046875 0.050000
0 0.397266 0.500694 0.044531 0.034722
0 0.515625 0.542361 0.071875 0.056944
0 0.801953 0.566667 0.102344 0.075000
0 0.660156 0.567361 0.104688 0.068056
0 0.272266 0.505556 0.044531 0.047222
0 0.237500 0.506944 0.043750 0.055556
4 0.162500 0.475000 0.050000 0.086111
0 0.164453 0.519444 0.044531 0.069444
2 0.098828 0.484028 0.058594 0.109722
0 0.841016 0.600694 0.103906 0.079167
0 0.276172 0.478472 0.032031 0.031944
0 0.442188 0.509028 0.064062 0.054167
0 0.624219 0.536111 0.075000 0.050000
0 0.492188 0.508333 0.040625 0.036111
