0 0.322656 0.497222 0.043750 0.038889
0 0.379688 0.495833 0.040625 0.038889
0 0.501563 0.542361 0.071875 0.056944
0 0.796484 0.566667 0.102344 0.075000
0 0.644531 0.561111 0.096875 0.066667
0 0.288672 0.511111 0.038281 0.047222
0 0.250781 0.509722 0.045312 0.063889
4 0.165234 0.476389 0.055469 0.088889
0 0.175000 0.526389 0.053125 0.075000
2 0.105078 0.489583 0.061719 0.120833
0 0.831641 0.598611 0.105469 0.077778
0 0.264062 0.477778 0.028125 0.027778
0 0.424609 0.507639 0.057031 0.051389
0 0.613281 0.529861 0.073438 0.045833
0 0.498828 0.513194 0.060156 0.040278
