0 0.311719 0.493056 0.035937 0.041667
0 0.363672 0.494444 0.041406 0.038889
0 0.485547 0.538194 0.071094 0.059722
0 0.791016 0.566667 0.102344 0.075000
0 0.632031 0.561111 0.096875 0.066667
0 0.306641 0.518056 0.041406 0.050000
0 0.265625 0.516667 0.054688 0.066667
4 0.172266 0.473611 0.057031 0.091667
0 0.187500 0.533333 0.051562 0.080556
2 0.108594 0.493750 0.068750 0.129167
0 0.825391 0.591667 0.108594 0.072222
0 0.406641 0.504861 0.057031 0.051389
0 0.601562 0.528472 0.073438 0.045833
0 0.477734 0.510417 0.060156 0.040278
0 0.678516 0.545833 0.067969 0.077778
