0 0.351953 0.491667 0.033594 0.036111
0 0.473828 0.534722 0.063281 0.050000
0 0.783984 0.565278 0.102344 0.075000
0 0.612109 0.561806 0.091406 0.068056
0 0.321875 0.522222 0.043750 0.055556
0 0.284375 0.523611 0.057813 0.069444
4 0.176172 0.484722 0.064844 0.113889
0 0.203516 0.540278 0.060156 0.088889
2 0.114844 0.498611 0.076563 0.138889
0 0.812891 0.590278 0.108594 0.072222
0 0.392578 0.498611 0.052344 0.050000
0 0.578516 0.525000 0.055469 0.041667
0 0.458984 0.504861 0.047656 0.034722
0 0.666797 0.547222 0.064844 0.077778
0 0.244531 0.497222 0.028125 0.041667
