0 0.453906 0.530556 0.067187 0.052778
0 0.769141 0.563889 0.102344 0.075000
0 0.593359 0.554861 0.088281 0.059722
0 0.344141 0.525694 0.049219 0.059722
0 0.308984 0.529167 0.066406 0.075000
4 0.183594 0.489583 0.062500 0.123611
0 0.224219 0.552778 0.071875 0.097222
2 0.124609 0.502778 0.082031 0.158333
0 0.797266 0.588889 0.105469 0.075000
0 0.372656 0.499306 0.048438 0.045833
0 0.567187 0.522222 0.060937 0.044444
0 0.433203 0.502083 0.047656 0.034722
0 0.653516 0.548611 0.064844 0.069444
0 0.259766 0.498611 0.039844 0.050000
