0 0.438281 0.525000 0.062500 0.050000
0 0.758203 0.562500 0.102344 0.075000
0 0.567969 0.552083 0.085938 0.062500
0 0.371484 0.531250 0.047656 0.056944
0 0.332813 0.538889 0.075000 0.077778
4 0.187109 0.492361 0.066406 0.137500
0 0.248047 0.565278 0.082031 0.105556
2 0.133984 0.509722 0.091406 0.172222
0 0.774219 0.585417 0.109375 0.076389
0 0.550781 0.522222 0.060937 0.044444
0 0.413281 0.498611 0.051562 0.038889
0 0.633203 0.550694 0.075781 0.076389
0 0.272656 0.501389 0.043750 0.055556
0 0.358594 0.490972 0.043750 0.043056
0 0.314844 0.484028 0.035937 0.031944
