0 0.421875 0.523611 0.054688 0.044444
0 0.743359 0.555556 0.105469 0.066667
0 0.543750 0.546528 0.084375 0.059722
0 0.371484 0.531250 0.047656 0.056944
0 0.371484 0.550000 0.083594 0.086111
4 0.207813 0.495833 0.051562 0.100000
0 0.282031 0.596528 0.101562 0.131944
2 0.149219 0.529861 0.109375 0.220833
0 0.757031 0.583333 0.107813 0.069444
0 0.538281 0.519444 0.067187 0.041667
0 0.387891 0.497917 0.050781 0.034722
0 0.609766 0.542361 0.078906 0.068056
0 0.290234 0.509028 0.046094 0.054167
0 0.335156 0.495833 0.026562 0.038889
0 0.300781 0.481944 0.032813 0.036111
0 0.262109 0.484028 0.028906 0.040278
