0 0.730859 0.554167 0.105469 0.066667
0 0.521875 0.545139 0.084375 0.059722
0 0.442969 0.550694 0.062500 0.065278
0 0.412891 0.564583 0.110156 0.109722
0 0.330078 0.622222 0.128906 0.152778
2 0.168750 0.548611 0.135937 0.255556
0 0.732812 0.579167 0.107813 0.069444
0 0.520312 0.518056 0.067187 0.041667
0 0.373828 0.495833 0.038281 0.044444
0 0.588672 0.538194 0.078906 0.068056
0 0.311328 0.514583 0.055469 0.056944
0 0.408203 0.511806 0.042969 0.037500
0 0.327734 0.487500 0.041406 0.052778
0 0.287109 0.481250 0.035156 0.034722
0 0.255469 0.513889 0.040625 0.055556
