0 0.859375 0.909722 0.281250 0.180556
0 0.143359 0.538194 0.053906 0.076389
0 0.168359 0.517361 0.044531 0.070833
0 0.091797 0.494444 0.033594 0.055556
2 0.060547 0.459722 0.028906 0.061111
0 0.915625 0.697917 0.168750 0.143056
4 0.602344 0.583333 0.398438 0.386111
3 0.302734 0.592361 0.128906 0.159722
0 0.265234 0.470833 0.024219 0.033333
0 0.325781 0.496528 0.042188 0.037500
3 0.407813 0.525694 0.067187 0.104167
0 0.241797 0.525694 0.053906 0.073611
0 0.355078 0.486111 0.042969 0.041667
0 0.287891 0.508333 0.041406 0.047222
0 0.123828 0.486806 0.025781 0.037500
