0 0.180859 0.577083 0.080469 0.112500
0 0.099609 0.505556 0.035156 0.061111
2 0.061328 0.454861 0.027344 0.070833
4 0.811328 0.610417 0.377344 0.490278
3 0.464062 0.681944 0.257812 0.241667
0 0.296094 0.490278 0.034375 0.038889
0 0.348047 0.489583 0.044531 0.040278
3 0.505469 0.541667 0.114062 0.125000
0 0.288281 0.538194 0.075000 0.093056
0 0.335156 0.523611 0.056250 0.052778
0 0.135547 0.487500 0.030469 0.044444
0 0.639062 0.631944 0.142187 0.130556
0 0.598437 0.537500 0.065625 0.061111
0 0.414844 0.519444 0.057813 0.052778
0 0.443359 0.510417 0.039844 0.051389
