0 0.271875 0.677083 0.164062 0.218056
0 0.109766 0.520139 0.044531 0.068056
2 0.064062 0.457639 0.032813 0.076389
3 0.830469 0.828472 0.339062 0.343056
0 0.269922 0.486111 0.041406 0.036111
3 0.630469 0.565278 0.137500 0.152778
0 0.363672 0.575000 0.100781 0.108333
0 0.396875 0.538889 0.078125 0.063889
0 0.149609 0.500694 0.035156 0.048611
0 0.926172 0.695139 0.147656 0.137500
0 0.398047 0.504167 0.053906 0.052778
0 0.494922 0.515972 0.060156 0.051389
0 0.317969 0.487500 0.042188 0.044444
0 0.301953 0.529861 0.055469 0.056944
