0 0.407813 0.820833 0.306250 0.358333
0 0.117969 0.530556 0.048438 0.083333
2 0.064844 0.461806 0.031250 0.068056
0 0.260937 0.481944 0.034375 0.033333
3 0.711719 0.586111 0.151562 0.175000
0 0.419531 0.594444 0.128125 0.130556
0 0.433594 0.548611 0.087500 0.069444
0 0.155859 0.508333 0.041406 0.055556
0 0.382031 0.500694 0.046875 0.045833
0 0.455469 0.506944 0.046875 0.050000
0 0.304297 0.484722 0.033594 0.041667
0 0.341406 0.541667 0.070312 0.069444
0 0.268359 0.581944 0.099219 0.105556
0 0.350781 0.502083 0.043750 0.037500
