0 0.139453 0.566667 0.064844 0.102778
2 0.064062 0.457639 0.032813 0.076389
3 0.897656 0.607639 0.142187 0.179167
0 0.607031 0.661111 0.204687 0.188889
0 0.178516 0.524306 0.047656 0.070833
0 0.347266 0.488889 0.033594 0.044444
0 0.389844 0.496528 0.042188 0.037500
0 0.278906 0.479861 0.029687 0.043056
0 0.456250 0.577083 0.114062 0.087500
0 0.376172 0.649306 0.167969 0.168056
0 0.317969 0.496528 0.042188 0.045833
0 0.255078 0.536111 0.058594 0.091667
0 0.132031 0.490972 0.029687 0.051389
0 0.530078 0.564583 0.100781 0.073611
0 0.100781 0.470833 0.017188 0.036111
