0 0.159375 0.595833 0.084375 0.141667
2 0.064062 0.457639 0.032813 0.076389
0 0.745703 0.704167 0.228906 0.213889
0 0.193359 0.541667 0.057031 0.088889
0 0.362500 0.488194 0.039062 0.043056
0 0.267188 0.472917 0.034375 0.037500
0 0.542578 0.604861 0.146094 0.115278
0 0.483594 0.715972 0.232813 0.223611
0 0.328125 0.487500 0.032813 0.041667
0 0.281641 0.550694 0.071094 0.090278
0 0.138281 0.495139 0.029687 0.051389
0 0.607031 0.592361 0.115625 0.090278
0 0.103516 0.473611 0.022656 0.041667
0 0.303906 0.495139 0.039062 0.037500
3 0.965625 0.626389 0.068750 0.205556
